0
0
0
0
0
186.9868860992385
1
1
1
1
1
186.9868860992385
2
2
2
2
2
186.9868860992385
3
3
3
3
3
186.9868860992385
4
4
4
4
4
186.9868860992385
5
5
5
5
5
186.9868860992385
6
6
6
6
6
186.9868860992385
7
7
7
7
7
186.9868860992385
8
8
8
8
8
186.9868860992385
9
9
9
9
9
186.9868860992385
10
10
10
10
10
186.9868860992385
11
11
11
11
11
186.9868860992385
12
12
12
12
12
186.9868860992385
13
13
13
13
13
186.9868860992385
14
14
14
14
14
186.9868860992385
15
15
15
15
15
186.9868860992385
16
16
16
16
16
111.23917158002831
17
17
17
17
17
186.9868860992385
18
18
18
18
18
186.9868860992385
19
19
19
19
19
186.9868860992385
20
20
20
20
20
186.9868860992385
21
21
21
21
21
186.9868860992385
22
22
22
22
22
186.9868860992385
23
23
23
23
23
186.9868860992385
24
24
24
24
24
186.9868860992385
25
25
25
25
25
186.9868860992385
26
26
26
26
26
186.9868860992385
27
27
27
27
27
186.9868860992385
28
28
28
28
28
186.9868860992385
29
29
29
29
29
186.9868860992385
30
30
30
30
30
186.9868860992385
31
31
31
31
31
186.9868860992385
32
32
32
32
32
186.9868860992385
33
33
33
33
33
186.9868860992385
34
34
34
34
34
186.9868860992385
35
35
35
35
35
186.9868860992385
36
36
36
36
36
186.9868860992385
37
37
37
37
37
186.9868860992385
38
38
38
38
38
186.9868860992385
39
39
39
39
39
186.9868860992385
40
40
40
40
40
186.9868860992385
41
41
41
41
41
186.9868860992385
42
42
42
42
42
186.9868860992385
43
43
43
43
43
186.9868860992385
44
44
44
44
44
186.9868860992385
45
45
45
45
45
186.9868860992385
46
46
46
46
46
186.9868860992385
47
47
47
47
47
186.9868860992385
48
48
48
48
48
186.9868860992385
49
49
49
49
49
186.9868860992385
50
50
50
50
50
186.9868860992385
51
51
51
51
51
186.9868860992385
52
52
52
52
52
186.9868860992385
53
53
53
53
53
186.9868860992385
54
54
54
54
54
186.9868860992385
55
55
55
55
55
186.9868860992385
56
56
56
56
56
186.9868860992385
57
57
57
57
57
186.9868860992385
58
58
58
58
58
186.9868860992385
59
59
59
59
59
111.23917158002831
60
60
60
60
60
186.9868860992385
61
61
61
61
61
186.9868860992385
62
62
62
62
62
186.9868860992385
63
63
63
63
63
186.9868860992385
64
64
64
64
64
186.9868860992385
65
65
65
65
65
186.9868860992385
66
66
66
66
66
186.9868860992385
67
67
67
67
67
186.9868860992385
68
68
68
68
68
186.9868860992385
69
69
69
69
69
186.9868860992385
70
70
70
70
70
186.9868860992385
71
71
71
71
71
186.9868860992385
72
72
72
72
72
186.9868860992385
73
73
73
73
73
186.9868860992385
74
74
74
74
74
186.9868860992385
75
75
75
75
75
186.9868860992385
76
76
76
76
76
186.9868860992385
77
77
77
77
77
186.9868860992385
78
78
78
78
78
186.9868860992385
79
79
79
79
79
186.9868860992385
80
80
80
80
80
186.9868860992385
81
81
81
81
81
186.9868860992385
82
82
82
82
82
186.9868860992385
83
83
83
83
83
186.9868860992385
84
84
84
84
84
186.9868860992385
85
85
85
85
85
111.23917158002831
86
86
86
86
86
186.9868860992385
87
87
87
87
87
186.9868860992385
88
88
88
88
88
186.9868860992385
89
89
89
89
89
111.23917158002831
90
90
90
90
90
186.9868860992385
91
91
91
91
91
186.9868860992385
92
92
92
92
92
186.9868860992385
93
93
93
93
93
186.9868860992385
94
94
94
94
94
186.9868860992385
95
95
95
95
95
186.9868860992385
96
96
96
96
96
186.9868860992385
97
97
97
97
97
186.9868860992385
98
98
98
98
98
186.9868860992385
99
99
99
99
99
186.9868860992385
100
100
100
100
100
186.9868860992385
101
101
101
101
101
186.9868860992385
102
102
102
102
102
186.9868860992385
103
103
103
103
103
186.9868860992385
104
104
104
104
104
186.9868860992385
105
105
105
105
105
186.9868860992385
106
106
106
106
106
186.9868860992385
107
107
107
107
107
186.9868860992385
108
108
108
108
108
186.9868860992385
109
109
109
109
109
186.9868860992385
110
110
110
110
110
186.9868860992385
111
111
111
111
111
186.9868860992385
112
112
112
112
112
186.9868860992385
113
113
113
113
113
186.9868860992385
114
114
114
114
114
186.9868860992385
115
115
115
115
115
186.9868860992385
116
116
116
116
116
186.9868860992385
117
117
117
117
117
186.9868860992385
118
118
118
118
118
186.9868860992385
119
119
119
119
119
186.9868860992385
120
120
120
120
120
186.9868860992385
121
121
121
121
121
186.9868860992385
122
122
122
122
122
186.9868860992385
123
123
123
123
123
186.9868860992385
124
124
124
124
124
186.9868860992385
125
125
125
125
125
186.9868860992385
126
126
126
126
126
186.9868860992385
127
127
127
127
127
186.9868860992385
128
128
128
128
128
186.9868860992385
129
129
129
129
129
186.9868860992385
130
130
130
130
130
186.9868860992385
131
131
131
131
131
186.9868860992385
132
132
132
132
132
186.9868860992385
133
133
133
133
133
186.9868860992385
134
134
134
134
134
186.9868860992385
135
135
135
135
135
186.9868860992385
136
136
136
136
136
186.9868860992385
137
137
137
137
137
186.9868860992385
138
138
138
138
138
186.9868860992385
139
139
139
139
139
186.9868860992385
140
140
140
140
140
186.9868860992385
141
141
141
141
141
186.9868860992385
142
142
142
142
142
186.9868860992385
143
143
143
143
143
186.9868860992385
144
144
144
144
144
186.9868860992385
145
145
145
145
145
186.9868860992385
146
146
146
146
146
186.9868860992385
147
147
147
147
147
186.9868860992385
148
148
148
148
148
186.9868860992385
149
149
149
149
149
186.9868860992385
150
150
150
150
150
186.9868860992385
151
151
151
151
151
186.9868860992385
152
152
152
152
152
186.9868860992385
153
153
153
153
153
186.9868860992385
154
154
154
154
154
186.9868860992385
155
155
155
155
155
186.9868860992385
156
156
156
156
156
186.9868860992385
157
157
157
157
157
186.9868860992385
158
158
158
158
158
186.9868860992385
159
159
159
159
159
111.23917158002831
160
160
160
160
160
186.9868860992385
161
161
161
161
161
186.9868860992385
162
162
162
162
162
186.9868860992385
163
163
163
163
163
186.9868860992385
164
164
164
164
164
186.9868860992385
165
165
165
165
165
186.9868860992385
166
166
166
166
166
111.23917158002831
167
167
167
167
167
186.9868860992385
168
168
168
168
168
186.9868860992385
169
169
169
169
169
186.9868860992385
170
170
170
170
170
186.9868860992385
171
171
171
171
171
186.9868860992385
172
172
172
172
172
186.9868860992385
173
173
173
173
173
111.23917158002831
174
174
174
174
174
186.9868860992385
175
175
175
175
175
186.9868860992385
176
176
176
176
176
111.23917158002831
177
177
177
177
177
186.9868860992385
178
178
178
178
178
186.9868860992385
179
179
179
179
179
186.9868860992385
180
180
180
180
180
186.9868860992385
181
181
181
181
181
186.9868860992385
182
182
182
182
182
186.9868860992385
183
183
183
183
183
186.9868860992385
184
184
184
184
184
186.9868860992385
185
185
185
185
185
186.9868860992385
186
186
186
186
186
186.9868860992385
187
187
187
187
187
186.9868860992385
188
188
188
188
188
186.9868860992385
189
189
189
189
189
186.9868860992385
190
190
190
190
190
186.9868860992385
191
191
191
191
191
186.9868860992385
192
192
192
192
192
186.9868860992385
193
193
193
193
193
186.9868860992385
194
194
194
194
194
186.9868860992385
195
195
195
195
195
186.9868860992385
196
196
196
196
196
186.9868860992385
197
197
197
197
197
186.9868860992385
198
198
198
198
198
186.9868860992385
199
199
199
199
199
186.9868860992385
200
200
200
200
200
186.9868860992385
201
201
201
201
201
186.9868860992385
202
202
202
202
202
186.9868860992385
203
203
203
203
203
186.9868860992385
204
204
204
204
204
186.9868860992385
205
205
205
205
205
186.9868860992385
206
206
206
206
206
186.9868860992385
207
207
207
207
207
186.9868860992385
208
208
208
208
208
186.9868860992385
209
209
209
209
209
186.9868860992385
210
210
210
210
210
186.9868860992385
211
211
211
211
211
186.9868860992385
212
212
212
212
212
186.9868860992385
213
213
213
213
213
186.9868860992385
214
214
214
214
214
111.23917158002831
215
215
215
215
215
186.9868860992385
216
216
216
216
216
186.9868860992385
217
217
217
217
217
186.9868860992385
218
218
218
218
218
186.9868860992385
219
219
219
219
219
186.9868860992385
220
220
220
220
220
186.9868860992385
221
221
221
221
221
186.9868860992385
222
222
222
222
222
186.9868860992385
223
223
223
223
223
186.9868860992385
224
224
224
224
224
186.9868860992385
225
225
225
225
225
186.9868860992385
226
226
226
226
226
186.9868860992385
227
227
227
227
227
186.9868860992385
228
228
228
228
228
186.9868860992385
229
229
229
229
229
186.9868860992385
230
230
230
230
230
186.9868860992385
231
231
231
231
231
186.9868860992385
232
232
232
232
232
186.9868860992385
233
233
233
233
233
186.9868860992385
234
234
234
234
234
186.9868860992385
235
235
235
235
235
186.9868860992385
236
236
236
236
236
186.9868860992385
237
237
237
237
237
186.9868860992385
238
238
238
238
238
186.9868860992385
239
239
239
239
239
186.9868860992385
240
240
240
240
240
186.9868860992385
241
241
241
241
241
186.9868860992385
242
242
242
242
242
186.9868860992385
243
243
243
243
243
186.9868860992385
244
244
244
244
244
111.23917158002831
245
245
245
245
245
186.9868860992385
246
246
246
246
246
186.9868860992385
247
247
247
247
247
186.9868860992385
248
248
248
248
248
186.9868860992385
249
249
249
249
249
186.9868860992385
250
250
250
250
250
186.9868860992385
251
251
251
251
251
186.9868860992385
252
252
252
252
252
186.9868860992385
253
253
253
253
253
186.9868860992385
254
254
254
254
254
186.9868860992385
255
255
255
255
255
186.9868860992385
256
256
256
256
256
186.9868860992385
257
257
257
257
257
186.9868860992385
258
258
258
258
258
186.9868860992385
259
259
259
259
259
186.9868860992385
260
260
260
260
260
186.9868860992385
261
261
261
261
261
186.9868860992385
262
262
262
262
262
186.9868860992385
263
263
263
263
263
186.9868860992385
264
264
264
264
264
186.9868860992385
265
265
265
265
265
186.9868860992385
266
266
266
266
266
186.9868860992385
267
267
267
267
267
186.9868860992385
268
268
268
268
268
186.9868860992385
269
269
269
269
269
186.9868860992385
270
270
270
270
270
186.9868860992385
271
271
271
271
271
186.9868860992385
272
272
272
272
272
186.9868860992385
273
273
273
273
273
186.9868860992385
274
274
274
274
274
111.23917158002831
275
275
275
275
275
186.9868860992385
276
276
276
276
276
111.23917158002831
277
277
277
277
277
186.9868860992385
278
278
278
278
278
186.9868860992385
279
279
279
279
279
186.9868860992385
280
280
280
280
280
186.9868860992385
281
281
281
281
281
186.9868860992385
282
282
282
282
282
186.9868860992385
283
283
283
283
283
186.9868860992385
284
284
284
284
284
186.9868860992385
285
285
285
285
285
186.9868860992385
286
286
286
286
286
186.9868860992385
287
287
287
287
287
186.9868860992385
288
288
288
288
288
186.9868860992385
289
289
289
289
289
186.9868860992385
290
290
290
290
290
186.9868860992385
291
291
291
291
291
186.9868860992385
292
292
292
292
292
186.9868860992385
293
293
293
293
293
186.9868860992385
294
294
294
294
294
186.9868860992385
295
295
295
295
295
186.9868860992385
296
296
296
296
296
186.9868860992385
297
297
297
297
297
111.23917158002831
298
298
298
298
298
186.9868860992385
299
299
299
299
299
111.23917158002831
300
300
300
300
300
186.9868860992385
301
301
301
301
301
186.9868860992385
302
302
302
302
302
186.9868860992385
303
303
303
303
303
186.9868860992385
304
304
304
304
304
186.9868860992385
305
305
305
305
305
186.9868860992385
306
306
306
306
306
186.9868860992385
307
307
307
307
307
186.9868860992385
308
308
308
308
308
186.9868860992385
309
309
309
309
309
186.9868860992385
310
310
310
310
310
186.9868860992385
311
311
311
311
311
186.9868860992385
312
312
312
312
312
186.9868860992385
313
313
313
313
313
186.9868860992385
314
314
314
314
314
186.9868860992385
315
315
315
315
315
186.9868860992385
316
316
316
316
316
186.9868860992385
317
317
317
317
317
186.9868860992385
318
318
318
318
318
186.9868860992385
319
319
319
319
319
186.9868860992385
320
320
320
320
320
186.9868860992385
321
321
321
321
321
186.9868860992385
322
322
322
322
322
186.9868860992385
323
323
323
323
323
186.9868860992385
324
324
324
324
324
186.9868860992385
325
325
325
325
325
186.9868860992385
326
326
326
326
326
186.9868860992385
327
327
327
327
327
186.9868860992385
328
328
328
328
328
186.9868860992385
329
329
329
329
329
186.9868860992385
330
330
330
330
330
186.9868860992385
331
331
331
331
331
186.9868860992385
332
332
332
332
332
111.23917158002831
333
333
333
333
333
186.9868860992385
334
334
334
334
334
186.9868860992385
335
335
335
335
335
186.9868860992385
336
336
336
336
336
186.9868860992385
337
337
337
337
337
186.9868860992385
338
338
338
338
338
186.9868860992385
339
339
339
339
339
186.9868860992385
340
340
340
340
340
186.9868860992385
341
341
341
341
341
186.9868860992385
342
342
342
342
342
186.9868860992385
343
343
343
343
343
186.9868860992385
344
344
344
344
344
186.9868860992385
345
345
345
345
345
186.9868860992385
346
346
346
346
346
186.9868860992385
347
347
347
347
347
186.9868860992385
348
348
348
348
348
186.9868860992385
349
349
349
349
349
186.9868860992385
350
350
350
350
350
186.9868860992385
351
351
351
351
351
186.9868860992385
352
352
352
352
352
186.9868860992385
353
353
353
353
353
186.9868860992385
354
354
354
354
354
186.9868860992385
355
355
355
355
355
186.9868860992385
356
356
356
356
356
186.9868860992385
357
357
357
357
357
186.9868860992385
358
358
358
358
358
186.9868860992385
359
359
359
359
359
186.9868860992385
360
360
360
360
360
186.9868860992385
361
361
361
361
361
186.9868860992385
362
362
362
362
362
186.9868860992385
363
363
363
363
363
186.9868860992385
364
364
364
364
364
186.9868860992385
365
365
365
365
365
186.9868860992385
366
366
366
366
366
186.9868860992385
367
367
367
367
367
186.9868860992385
368
368
368
368
368
186.9868860992385
369
369
369
369
369
186.9868860992385
370
370
370
370
370
186.9868860992385
371
371
371
371
371
186.9868860992385
372
372
372
372
372
186.9868860992385
373
373
373
373
373
186.9868860992385
374
374
374
374
374
186.9868860992385
375
375
375
375
375
186.9868860992385
376
376
376
376
376
186.9868860992385
377
377
377
377
377
186.9868860992385
378
378
378
378
378
186.9868860992385
379
379
379
379
379
186.9868860992385
380
380
380
380
380
186.9868860992385
381
381
381
381
381
186.9868860992385
382
382
382
382
382
186.9868860992385
383
383
383
383
383
186.9868860992385
384
384
384
384
384
186.9868860992385
385
385
385
385
385
186.9868860992385
386
386
386
386
386
186.9868860992385
387
387
387
387
387
186.9868860992385
388
388
388
388
388
111.23917158002831
389
389
389
389
389
186.9868860992385
390
390
390
390
390
186.9868860992385
391
391
391
391
391
186.9868860992385
392
392
392
392
392
186.9868860992385
393
393
393
393
393
186.9868860992385
394
394
394
394
394
186.9868860992385
395
395
395
395
395
186.9868860992385
396
396
396
396
396
186.9868860992385
397
397
397
397
397
186.9868860992385
398
398
398
398
398
186.9868860992385
399
399
399
399
399
186.9868860992385
400
400
400
400
400
186.9868860992385
401
401
401
401
401
186.9868860992385
402
402
402
402
402
186.9868860992385
403
403
403
403
403
186.9868860992385
404
404
404
404
404
186.9868860992385
405
405
405
405
405
186.9868860992385
406
406
406
406
406
186.9868860992385
407
407
407
407
407
186.9868860992385
408
408
408
408
408
186.9868860992385
409
409
409
409
409
186.9868860992385
410
410
410
410
410
186.9868860992385
411
411
411
411
411
186.9868860992385
412
412
412
412
412
186.9868860992385
413
413
413
413
413
186.9868860992385
414
414
414
414
414
186.9868860992385
415
415
415
415
415
186.9868860992385
416
416
416
416
416
186.9868860992385
417
417
417
417
417
186.9868860992385
418
418
418
418
418
186.9868860992385
419
419
419
419
419
186.9868860992385
420
420
420
420
420
186.9868860992385
421
421
421
421
421
186.9868860992385
422
422
422
422
422
186.9868860992385
423
423
423
423
423
186.9868860992385
424
424
424
424
424
186.9868860992385
425
425
425
425
425
186.9868860992385
426
426
426
426
426
186.9868860992385
427
427
427
427
427
186.9868860992385
428
428
428
428
428
186.9868860992385
429
429
429
429
429
186.9868860992385
430
430
430
430
430
186.9868860992385
431
431
431
431
431
186.9868860992385
432
432
432
432
432
186.9868860992385
433
433
433
433
433
186.9868860992385
434
434
434
434
434
186.9868860992385
435
435
435
435
435
186.9868860992385
436
436
436
436
436
186.9868860992385
437
437
437
437
437
186.9868860992385
438
438
438
438
438
186.9868860992385
439
439
439
439
439
186.9868860992385
440
440
440
440
440
186.9868860992385
441
441
441
441
441
186.9868860992385
442
442
442
442
442
186.9868860992385
443
443
443
443
443
186.9868860992385
444
444
444
444
444
186.9868860992385
445
445
445
445
445
186.9868860992385
446
446
446
446
446
186.9868860992385
447
447
447
447
447
111.23917158002831
448
448
448
448
448
186.9868860992385
449
449
449
449
449
186.9868860992385
450
450
450
450
450
186.9868860992385
451
451
451
451
451
186.9868860992385
452
452
452
452
452
186.9868860992385
453
453
453
453
453
186.9868860992385
454
454
454
454
454
186.9868860992385
455
455
455
455
455
111.23917158002831
456
456
456
456
456
186.9868860992385
457
457
457
457
457
186.9868860992385
458
458
458
458
458
186.9868860992385
459
459
459
459
459
186.9868860992385
460
460
460
460
460
186.9868860992385
461
461
461
461
461
186.9868860992385
462
462
462
462
462
186.9868860992385
463
463
463
463
463
186.9868860992385
464
464
464
464
464
186.9868860992385
465
465
465
465
465
186.9868860992385
466
466
466
466
466
186.9868860992385
467
467
467
467
467
186.9868860992385
468
468
468
468
468
186.9868860992385
469
469
469
469
469
186.9868860992385
470
470
470
470
470
186.9868860992385
471
471
471
471
471
186.9868860992385
472
472
472
472
472
111.23917158002831
473
473
473
473
473
186.9868860992385
474
474
474
474
474
186.9868860992385
475
475
475
475
475
186.9868860992385
476
476
476
476
476
186.9868860992385
477
477
477
477
477
186.9868860992385
478
478
478
478
478
186.9868860992385
479
479
479
479
479
186.9868860992385
480
480
480
480
480
186.9868860992385
481
481
481
481
481
186.9868860992385
482
482
482
482
482
186.9868860992385
483
483
483
483
483
186.9868860992385
484
484
484
484
484
186.9868860992385
485
485
485
485
485
186.9868860992385
486
486
486
486
486
186.9868860992385
487
487
487
487
487
111.23917158002831
488
488
488
488
488
186.9868860992385
489
489
489
489
489
186.9868860992385
490
490
490
490
490
186.9868860992385
491
491
491
491
491
186.9868860992385
492
492
492
492
492
186.9868860992385
493
493
493
493
493
186.9868860992385
494
494
494
494
494
186.9868860992385
495
495
495
495
495
186.9868860992385
496
496
496
496
496
186.9868860992385
497
497
497
497
497
186.9868860992385
498
498
498
498
498
186.9868860992385
499
499
499
499
499
186.9868860992385
500
500
500
500
500
186.9868860992385
501
501
501
501
501
186.9868860992385
502
502
502
502
502
186.9868860992385
503
503
503
503
503
186.9868860992385
504
504
504
504
504
186.9868860992385
505
505
505
505
505
186.9868860992385
506
506
506
506
506
186.9868860992385
507
507
507
507
507
186.9868860992385
508
508
508
508
508
186.9868860992385
509
509
509
509
509
186.9868860992385
510
510
510
510
510
186.9868860992385
511
511
511
511
511
186.9868860992385
512
512
512
512
512
186.9868860992385
513
513
513
513
513
186.9868860992385
514
514
514
514
514
186.9868860992385
515
515
515
515
515
186.9868860992385
516
516
516
516
516
186.9868860992385
517
517
517
517
517
186.9868860992385
518
518
518
518
518
186.9868860992385
519
519
519
519
519
186.9868860992385
520
520
520
520
520
186.9868860992385
521
521
521
521
521
186.9868860992385
522
522
522
522
522
186.9868860992385
523
523
523
523
523
186.9868860992385
524
524
524
524
524
186.9868860992385
525
525
525
525
525
186.9868860992385
526
526
526
526
526
186.9868860992385
527
527
527
527
527
186.9868860992385
528
528
528
528
528
186.9868860992385
529
529
529
529
529
186.9868860992385
530
530
530
530
530
111.23917158002831
531
531
531
531
531
186.9868860992385
532
532
532
532
532
186.9868860992385
533
533
533
533
533
186.9868860992385
534
534
534
534
534
186.9868860992385
535
535
535
535
535
186.9868860992385
536
536
536
536
536
186.9868860992385
537
537
537
537
537
186.9868860992385
538
538
538
538
538
186.9868860992385
539
539
539
539
539
186.9868860992385
540
540
540
540
540
186.9868860992385
541
541
541
541
541
186.9868860992385
542
542
542
542
542
186.9868860992385
543
543
543
543
543
186.9868860992385
544
544
544
544
544
186.9868860992385
545
545
545
545
545
186.9868860992385
546
546
546
546
546
186.9868860992385
547
547
547
547
547
186.9868860992385
548
548
548
548
548
186.9868860992385
549
549
549
549
549
186.9868860992385
550
550
550
550
550
186.9868860992385
551
551
551
551
551
186.9868860992385
552
552
552
552
552
186.9868860992385
553
553
553
553
553
186.9868860992385
554
554
554
554
554
186.9868860992385
555
555
555
555
555
150.42564731537914
556
556
556
556
556
186.9868860992385
557
557
557
557
557
186.9868860992385
558
558
558
558
558
186.9868860992385
559
559
559
559
559
186.9868860992385
560
560
560
560
560
186.9868860992385
561
561
561
561
561
186.9868860992385
562
562
562
562
562
186.9868860992385
563
563
563
563
563
186.9868860992385
564
564
564
564
564
186.9868860992385
565
565
565
565
565
186.9868860992385
566
566
566
566
566
186.9868860992385
567
567
567
567
567
186.9868860992385
568
568
568
568
568
186.9868860992385
569
569
569
569
569
186.9868860992385
570
570
570
570
570
186.9868860992385
571
571
571
571
571
186.9868860992385
572
572
572
572
572
186.9868860992385
573
573
573
573
573
186.9868860992385
574
574
574
574
574
186.9868860992385
575
575
575
575
575
186.9868860992385
576
576
576
576
576
186.9868860992385
577
577
577
577
577
186.9868860992385
578
578
578
578
578
186.9868860992385
579
579
579
579
579
186.9868860992385
580
580
580
580
580
186.9868860992385
581
581
581
581
581
186.9868860992385
582
582
582
582
582
111.23917158002831
583
583
583
583
583
186.9868860992385
584
584
584
584
584
186.9868860992385
585
585
585
585
585
186.9868860992385
586
586
586
586
586
186.9868860992385
587
587
587
587
587
186.9868860992385
588
588
588
588
588
186.9868860992385
589
589
589
589
589
186.9868860992385
590
590
590
590
590
186.9868860992385
591
591
591
591
591
186.9868860992385
592
592
592
592
592
186.9868860992385
593
593
593
593
593
111.23917158002831
594
594
594
594
594
186.9868860992385
595
595
595
595
595
186.9868860992385
596
596
596
596
596
186.9868860992385
597
597
597
597
597
186.9868860992385
598
598
598
598
598
186.9868860992385
599
599
599
599
599
186.9868860992385
600
600
600
600
600
186.9868860992385
601
601
601
601
601
186.9868860992385
602
602
602
602
602
186.9868860992385
603
603
603
603
603
186.9868860992385
604
604
604
604
604
186.9868860992385
605
605
605
605
605
186.9868860992385
606
606
606
606
606
186.9868860992385
607
607
607
607
607
186.9868860992385
608
608
608
608
608
186.9868860992385
609
609
609
609
609
186.9868860992385
610
610
610
610
610
186.9868860992385
611
611
611
611
611
186.9868860992385
612
612
612
612
612
186.9868860992385
613
613
613
613
613
186.9868860992385
614
614
614
614
614
186.9868860992385
615
615
615
615
615
186.9868860992385
616
616
616
616
616
186.9868860992385
617
617
617
617
617
111.23917158002831
618
618
618
618
618
186.9868860992385
619
619
619
619
619
186.9868860992385
620
620
620
620
620
111.23917158002831
621
621
621
621
621
186.9868860992385
622
622
622
622
622
111.23917158002831
623
623
623
623
623
186.9868860992385
624
624
624
624
624
186.9868860992385
625
625
625
625
625
186.9868860992385
626
626
626
626
626
186.9868860992385
627
627
627
627
627
186.9868860992385
628
628
628
628
628
186.9868860992385
629
629
629
629
629
186.9868860992385
630
630
630
630
630
186.9868860992385
631
631
631
631
631
186.9868860992385
632
632
632
632
632
186.9868860992385
633
633
633
633
633
186.9868860992385
634
634
634
634
634
186.9868860992385
635
635
635
635
635
186.9868860992385
636
636
636
636
636
186.9868860992385
637
637
637
637
637
186.9868860992385
638
638
638
638
638
186.9868860992385
639
639
639
639
639
186.9868860992385
640
640
640
640
640
186.9868860992385
641
641
641
641
641
186.9868860992385
642
642
642
642
642
186.9868860992385
643
643
643
643
643
186.9868860992385
644
644
644
644
644
186.9868860992385
645
645
645
645
645
186.9868860992385
646
646
646
646
646
186.9868860992385
647
647
647
647
647
186.9868860992385
648
648
648
648
648
186.9868860992385
649
649
649
649
649
186.9868860992385
650
650
650
650
650
186.9868860992385
651
651
651
651
651
186.9868860992385
652
652
652
652
652
186.9868860992385
653
653
653
653
653
186.9868860992385
654
654
654
654
654
186.9868860992385
655
655
655
655
655
186.9868860992385
656
656
656
656
656
186.9868860992385
657
657
657
657
657
186.9868860992385
658
658
658
658
658
186.9868860992385
659
659
659
659
659
186.9868860992385
660
660
660
660
660
186.9868860992385
661
661
661
661
661
186.9868860992385
662
662
662
662
662
186.9868860992385
663
663
663
663
663
186.9868860992385
664
664
664
664
664
186.9868860992385
665
665
665
665
665
186.9868860992385
666
666
666
666
666
186.9868860992385
667
667
667
667
667
186.9868860992385
668
668
668
668
668
186.9868860992385
669
669
669
669
669
186.9868860992385
670
670
670
670
670
186.9868860992385
671
671
671
671
671
186.9868860992385
672
672
672
672
672
186.9868860992385
673
673
673
673
673
186.9868860992385
674
674
674
674
674
186.9868860992385
675
675
675
675
675
186.9868860992385
676
676
676
676
676
186.9868860992385
677
677
677
677
677
186.9868860992385
678
678
678
678
678
186.9868860992385
679
679
679
679
679
186.9868860992385
680
680
680
680
680
186.9868860992385
681
681
681
681
681
186.9868860992385
682
682
682
682
682
186.9868860992385
683
683
683
683
683
186.9868860992385
684
684
684
684
684
186.9868860992385
685
685
685
685
685
186.9868860992385
686
686
686
686
686
186.9868860992385
687
687
687
687
687
69.15177953680791
688
688
688
688
688
186.9868860992385
689
689
689
689
689
186.9868860992385
690
690
690
690
690
186.9868860992385
691
691
691
691
691
186.9868860992385
692
692
692
692
692
186.9868860992385
693
693
693
693
693
186.9868860992385
694
694
694
694
694
186.9868860992385
695
695
695
695
695
186.9868860992385
696
696
696
696
696
186.9868860992385
697
697
697
697
697
186.9868860992385
698
698
698
698
698
186.9868860992385
699
699
699
699
699
186.9868860992385
700
700
700
700
700
186.9868860992385
701
701
701
701
701
186.9868860992385
702
702
702
702
702
186.9868860992385
703
703
703
703
703
186.9868860992385
704
704
704
704
704
186.9868860992385
705
705
705
705
705
186.9868860992385
706
706
706
706
706
186.9868860992385
707
707
707
707
707
186.9868860992385
708
708
708
708
708
186.9868860992385
709
709
709
709
709
186.9868860992385
710
710
710
710
710
186.9868860992385
711
711
711
711
711
186.9868860992385
712
712
712
712
712
186.9868860992385
713
713
713
713
713
186.9868860992385
714
714
714
714
714
186.9868860992385
715
715
715
715
715
186.9868860992385
716
716
716
716
716
186.9868860992385
717
717
717
717
717
186.9868860992385
718
718
718
718
718
186.9868860992385
719
719
719
719
719
186.9868860992385
720
720
720
720
720
186.9868860992385
721
721
721
721
721
186.9868860992385
722
722
722
722
722
186.9868860992385
723
723
723
723
723
186.9868860992385
724
724
724
724
724
186.9868860992385
725
725
725
725
725
186.9868860992385
726
726
726
726
726
186.9868860992385
727
727
727
727
727
186.9868860992385
728
728
728
728
728
186.9868860992385
729
729
729
729
729
186.9868860992385
730
730
730
730
730
186.9868860992385
731
731
731
731
731
186.9868860992385
732
732
732
732
732
186.9868860992385
733
733
733
733
733
186.9868860992385
734
734
734
734
734
186.9868860992385
735
735
735
735
735
186.9868860992385
736
736
736
736
736
186.9868860992385
737
737
737
737
737
186.9868860992385
738
738
738
738
738
186.9868860992385
739
739
739
739
739
186.9868860992385
740
740
740
740
740
186.9868860992385
741
741
741
741
741
186.9868860992385
742
742
742
742
742
186.9868860992385
743
743
743
743
743
186.9868860992385
744
744
744
744
744
186.9868860992385
745
745
745
745
745
186.9868860992385
746
746
746
746
746
186.9868860992385
747
747
747
747
747
186.9868860992385
748
748
748
748
748
186.9868860992385
749
749
749
749
749
186.9868860992385
750
750
750
750
750
186.9868860992385
751
751
751
751
751
186.9868860992385
752
752
752
752
752
186.9868860992385
753
753
753
753
753
186.9868860992385
754
754
754
754
754
186.9868860992385
755
755
755
755
755
186.9868860992385
756
756
756
756
756
186.9868860992385
757
757
757
757
757
186.9868860992385
758
758
758
758
758
186.9868860992385
759
759
759
759
759
186.9868860992385
760
760
760
760
760
186.9868860992385
761
761
761
761
761
111.23917158002831
762
762
762
762
762
186.9868860992385
763
763
763
763
763
186.9868860992385
764
764
764
764
764
186.9868860992385
765
765
765
765
765
186.9868860992385
766
766
766
766
766
186.9868860992385
767
767
767
767
767
186.9868860992385
768
768
768
768
768
186.9868860992385
769
769
769
769
769
186.9868860992385
770
770
770
770
770
186.9868860992385
771
771
771
771
771
186.9868860992385
772
772
772
772
772
186.9868860992385
773
773
773
773
773
111.23917158002831
774
774
774
774
774
186.9868860992385
775
775
775
775
775
186.9868860992385
776
776
776
776
776
186.9868860992385
777
777
777
777
777
186.9868860992385
778
778
778
778
778
186.9868860992385
779
779
779
779
779
186.9868860992385
780
780
780
780
780
186.9868860992385
781
781
781
781
781
186.9868860992385
782
782
782
782
782
186.9868860992385
783
783
783
783
783
186.9868860992385
784
784
784
784
784
186.9868860992385
785
785
785
785
785
186.9868860992385
786
786
786
786
786
186.9868860992385
787
787
787
787
787
186.9868860992385
788
788
788
788
788
186.9868860992385
789
789
789
789
789
186.9868860992385
790
790
790
790
790
186.9868860992385
791
791
791
791
791
186.9868860992385
792
792
792
792
792
186.9868860992385
793
793
793
793
793
186.9868860992385
794
794
794
794
794
186.9868860992385
795
795
795
795
795
186.9868860992385
796
796
796
796
796
186.9868860992385
797
797
797
797
797
186.9868860992385
798
798
798
798
798
186.9868860992385
799
799
799
799
799
186.9868860992385
800
800
800
800
800
186.9868860992385
801
801
801
801
801
186.9868860992385
802
802
802
802
802
111.23917158002831
803
803
803
803
803
186.9868860992385
804
804
804
804
804
186.9868860992385
805
805
805
805
805
186.9868860992385
806
806
806
806
806
186.9868860992385
807
807
807
807
807
186.9868860992385
808
808
808
808
808
186.9868860992385
809
809
809
809
809
186.9868860992385
810
810
810
810
810
186.9868860992385
811
811
811
811
811
186.9868860992385
812
812
812
812
812
186.9868860992385
813
813
813
813
813
186.9868860992385
814
814
814
814
814
186.9868860992385
815
815
815
815
815
186.9868860992385
816
816
816
816
816
186.9868860992385
817
817
817
817
817
186.9868860992385
818
818
818
818
818
186.9868860992385
819
819
819
819
819
186.9868860992385
820
820
820
820
820
186.9868860992385
821
821
821
821
821
186.9868860992385
822
822
822
822
822
186.9868860992385
823
823
823
823
823
186.9868860992385
824
824
824
824
824
186.9868860992385
825
825
825
825
825
186.9868860992385
826
826
826
826
826
186.9868860992385
827
827
827
827
827
186.9868860992385
828
828
828
828
828
186.9868860992385
829
829
829
829
829
186.9868860992385
830
830
830
830
830
186.9868860992385
831
831
831
831
831
186.9868860992385
832
832
832
832
832
186.9868860992385
833
833
833
833
833
186.9868860992385
834
834
834
834
834
186.9868860992385
835
835
835
835
835
186.9868860992385
836
836
836
836
836
186.9868860992385
837
837
837
837
837
111.23917158002831
838
838
838
838
838
186.9868860992385
839
839
839
839
839
186.9868860992385
840
840
840
840
840
186.9868860992385
841
841
841
841
841
186.9868860992385
842
842
842
842
842
186.9868860992385
843
843
843
843
843
186.9868860992385
844
844
844
844
844
111.23917158002831
845
845
845
845
845
186.9868860992385
846
846
846
846
846
186.9868860992385
847
847
847
847
847
186.9868860992385
848
848
848
848
848
186.9868860992385
849
849
849
849
849
186.9868860992385
850
850
850
850
850
186.9868860992385
851
851
851
851
851
186.9868860992385
852
852
852
852
852
186.9868860992385
853
853
853
853
853
186.9868860992385
854
854
854
854
854
186.9868860992385
855
855
855
855
855
186.9868860992385
856
856
856
856
856
186.9868860992385
857
857
857
857
857
186.9868860992385
858
858
858
858
858
186.9868860992385
859
859
859
859
859
186.9868860992385
860
860
860
860
860
186.9868860992385
861
861
861
861
861
186.9868860992385
862
862
862
862
862
186.9868860992385
863
863
863
863
863
186.9868860992385
864
864
864
864
864
186.9868860992385
865
865
865
865
865
186.9868860992385
866
866
866
866
866
186.9868860992385
867
867
867
867
867
186.9868860992385
868
868
868
868
868
186.9868860992385
869
869
869
869
869
186.9868860992385
870
870
870
870
870
186.9868860992385
871
871
871
871
871
186.9868860992385
872
872
872
872
872
186.9868860992385
873
873
873
873
873
186.9868860992385
874
874
874
874
874
186.9868860992385
875
875
875
875
875
186.9868860992385
876
876
876
876
876
186.9868860992385
877
877
877
877
877
186.9868860992385
878
878
878
878
878
186.9868860992385
879
879
879
879
879
186.9868860992385
880
880
880
880
880
186.9868860992385
881
881
881
881
881
186.9868860992385
882
882
882
882
882
186.9868860992385
883
883
883
883
883
186.9868860992385
884
884
884
884
884
186.9868860992385
885
885
885
885
885
186.9868860992385
886
886
886
886
886
186.9868860992385
887
887
887
887
887
186.9868860992385
888
888
888
888
888
186.9868860992385
889
889
889
889
889
186.9868860992385
890
890
890
890
890
186.9868860992385
891
891
891
891
891
186.9868860992385
892
892
892
892
892
186.9868860992385
893
893
893
893
893
186.9868860992385
894
894
894
894
894
186.9868860992385
895
895
895
895
895
186.9868860992385
896
896
896
896
896
186.9868860992385
897
897
897
897
897
186.9868860992385
898
898
898
898
898
111.23917158002831
899
899
899
899
899
186.9868860992385
900
900
900
900
900
186.9868860992385
901
901
901
901
901
186.9868860992385
902
902
902
902
902
186.9868860992385
903
903
903
903
903
186.9868860992385
904
904
904
904
904
186.9868860992385
905
905
905
905
905
186.9868860992385
906
906
906
906
906
186.9868860992385
907
907
907
907
907
186.9868860992385
908
908
908
908
908
186.9868860992385
909
909
909
909
909
186.9868860992385
910
910
910
910
910
186.9868860992385
911
911
911
911
911
186.9868860992385
912
912
912
912
912
186.9868860992385
913
913
913
913
913
186.9868860992385
914
914
914
914
914
186.9868860992385
915
915
915
915
915
186.9868860992385
916
916
916
916
916
186.9868860992385
917
917
917
917
917
186.9868860992385
918
918
918
918
918
186.9868860992385
919
919
919
919
919
186.9868860992385
920
920
920
920
920
111.23917158002831
921
921
921
921
921
186.9868860992385
922
922
922
922
922
186.9868860992385
923
923
923
923
923
186.9868860992385
924
924
924
924
924
186.9868860992385
925
925
925
925
925
186.9868860992385
926
926
926
926
926
186.9868860992385
927
927
927
927
927
186.9868860992385
928
928
928
928
928
186.9868860992385
929
929
929
929
929
186.9868860992385
930
930
930
930
930
186.9868860992385
931
931
931
931
931
186.9868860992385
932
932
932
932
932
186.9868860992385
933
933
933
933
933
186.9868860992385
934
934
934
934
934
186.9868860992385
935
935
935
935
935
186.9868860992385
936
936
936
936
936
186.9868860992385
937
937
937
937
937
186.9868860992385
938
938
938
938
938
186.9868860992385
939
939
939
939
939
186.9868860992385
940
940
940
940
940
186.9868860992385
941
941
941
941
941
186.9868860992385
942
942
942
942
942
111.23917158002831
943
943
943
943
943
111.23917158002831
944
944
944
944
944
186.9868860992385
945
945
945
945
945
111.23917158002831
946
946
946
946
946
186.9868860992385
947
947
947
947
947
186.9868860992385
948
948
948
948
948
186.9868860992385
949
949
949
949
949
186.9868860992385
950
950
950
950
950
186.9868860992385
951
951
951
951
951
186.9868860992385
952
952
952
952
952
186.9868860992385
953
953
953
953
953
186.9868860992385
954
954
954
954
954
186.9868860992385
955
955
955
955
955
186.9868860992385
956
956
956
956
956
186.9868860992385
957
957
957
957
957
186.9868860992385
958
958
958
958
958
186.9868860992385
959
959
959
959
959
186.9868860992385
960
960
960
960
960
186.9868860992385
961
961
961
961
961
186.9868860992385
962
962
962
962
962
186.9868860992385
963
963
963
963
963
186.9868860992385
964
964
964
964
964
186.9868860992385
965
965
965
965
965
186.9868860992385
966
966
966
966
966
186.9868860992385
967
967
967
967
967
186.9868860992385
968
968
968
968
968
186.9868860992385
969
969
969
969
969
111.23917158002831
970
970
970
970
970
186.9868860992385
971
971
971
971
971
186.9868860992385
972
972
972
972
972
186.9868860992385
973
973
973
973
973
186.9868860992385
974
974
974
974
974
186.9868860992385
975
975
975
975
975
186.9868860992385
976
976
976
976
976
186.9868860992385
977
977
977
977
977
186.9868860992385
978
978
978
978
978
186.9868860992385
979
979
979
979
979
111.23917158002831
980
980
980
980
980
186.9868860992385
981
981
981
981
981
186.9868860992385
982
982
982
982
982
186.9868860992385
983
983
983
983
983
186.9868860992385
984
984
984
984
984
186.9868860992385
985
985
985
985
985
186.9868860992385
986
986
986
986
986
186.9868860992385
987
987
987
987
987
186.9868860992385
988
988
988
988
988
186.9868860992385
989
989
989
989
989
186.9868860992385
990
990
990
990
990
186.9868860992385
991
991
991
991
991
186.9868860992385
992
992
992
992
992
111.23917158002831
993
993
993
993
993
186.9868860992385
994
994
994
994
994
186.9868860992385
995
995
995
995
995
186.9868860992385
996
996
996
996
996
186.9868860992385
997
997
997
997
997
186.9868860992385
998
998
998
998
998
186.9868860992385
999
999
999
999
999
186.9868860992385
WEAHDFLDKFLWKJERLWELR
0.001
0.001
0.039
0.959
