0
72.2656216187841
121.34568570949317
123.62207463987917
188.02462857726528
188.02462857726528
195.57649692954132
260.84528979909953
269.21873908111473
269.21873908111473
326.8176251718473
326.8176251718473
326.8176251718473
326.8176251718473
326.8176251718473
326.8176251718473
326.8176251718473
341.3062046976754
341.3062046976754
341.3062046976754
341.3062046976754
379.28284646455614
379.28284646455614
379.28284646455614
379.28284646455614
379.28284646455614
379.28284646455614
379.28284646455614
379.28284646455614
379.28284646455614
379.28284646455614
379.28284646455614
379.28284646455614
379.28284646455614
379.28284646455614
379.28284646455614
379.28284646455614
379.28284646455614
379.28284646455614
379.28284646455614
379.28284646455614
379.28284646455614
379.28284646455614
379.28284646455614
379.28284646455614
379.28284646455614
379.28284646455614
379.28284646455614
379.28284646455614
379.28284646455614
379.28284646455614
379.28284646455614
379.28284646455614
379.28284646455614
379.28284646455614
379.28284646455614
379.28284646455614
379.28284646455614
379.28284646455614
379.28284646455614
379.28284646455614
379.28284646455614
379.28284646455614
379.28284646455614
379.28284646455614
379.28284646455614
379.28284646455614
379.28284646455614
379.28284646455614
379.28284646455614
379.28284646455614
379.28284646455614
379.28284646455614
9, 0, 33, 11, 0, 27, 0
0
83.97498952740361
83.97498952740361
87.04069895715608
148.64555847306244
167.53289090925833
200.09283111277102
218.97794604469394
256.45383840073424
309.70033137853295
311.46947906819764
324.32782280379274
376.65810345922347
376.65810345922347
379.28284646455614
379.28284646455614
379.28284646455614
379.28284646455614
379.28284646455614
379.28284646455614
379.28284646455614
379.28284646455614
379.28284646455614
379.28284646455614
379.28284646455614
379.28284646455614
379.28284646455614
379.28284646455614
379.28284646455614
379.28284646455614
379.28284646455614
379.28284646455614
379.28284646455614
379.28284646455614
379.28284646455614
379.28284646455614
379.28284646455614
379.28284646455614
379.28284646455614
379.28284646455614
379.28284646455614
379.28284646455614
379.28284646455614
379.28284646455614
379.28284646455614
379.28284646455614
379.28284646455614
379.28284646455614
379.28284646455614
379.28284646455614
379.28284646455614
379.28284646455614
379.28284646455614
379.28284646455614
379.28284646455614
379.28284646455614
379.28284646455614
379.28284646455614
379.28284646455614
379.28284646455614
379.28284646455614
379.28284646455614
379.28284646455614
379.28284646455614
379.28284646455614
379.28284646455614
0
34.252881879911186
51.81250353624593
88.7840636465931
128.7191646145341
146.69652456236406
209.68866376904086
209.68866376904086
235.8150302434203
306.0889608259941
308.18963574019983
320.6725219495358
320.6725219495358
325.24256585950604
342.62970126028847
342.62970126028847
342.62970126028847
342.62970126028847
359.57987489132313
359.57987489132313
359.57987489132313
379.28284646455614
379.28284646455614
379.28284646455614
379.28284646455614
379.28284646455614
379.28284646455614
379.28284646455614
379.28284646455614
379.28284646455614
379.28284646455614
379.28284646455614
379.28284646455614
379.28284646455614
379.28284646455614
379.28284646455614
379.28284646455614
379.28284646455614
379.28284646455614
379.28284646455614
379.28284646455614
379.28284646455614
379.28284646455614
379.28284646455614
379.28284646455614
379.28284646455614
379.28284646455614
379.28284646455614
379.28284646455614
379.28284646455614
379.28284646455614
379.28284646455614
379.28284646455614
379.28284646455614
379.28284646455614
379.28284646455614
379.28284646455614
379.28284646455614
379.28284646455614
379.28284646455614
379.28284646455614
379.28284646455614
379.28284646455614
379.28284646455614
379.28284646455614
379.28284646455614
379.28284646455614
379.28284646455614
379.28284646455614
379.28284646455614
379.28284646455614
379.28284646455614
379.28284646455614
0
58.22230636723127
58.22230636723127
107.00292846261891
127.55146457404409
159.65711730980726
234.57016983269392
234.57016983269392
240.05624743569743
261.50249528853493
281.0568219988646
321.74127105744157
321.74127105744157
321.74127105744157
321.74127105744157
321.74127105744157
337.3734407882718
337.3734407882718
337.3734407882718
337.3734407882718
337.3734407882718
337.3734407882718
337.3734407882718
337.3734407882718
337.3734407882718
337.3734407882718
337.3734407882718
337.3734407882718
337.3734407882718
337.3734407882718
337.3734407882718
337.3734407882718
337.3734407882718
337.3734407882718
337.3734407882718
342.51325958557584
342.51325958557584
342.51325958557584
342.51325958557584
359.57987489132313
359.57987489132313
376.65810345922347
376.65810345922347
379.28284646455614
379.28284646455614
379.28284646455614
379.28284646455614
379.28284646455614
379.28284646455614
379.28284646455614
379.28284646455614
379.28284646455614
379.28284646455614
379.28284646455614
379.28284646455614
379.28284646455614
379.28284646455614
379.28284646455614
379.28284646455614
379.28284646455614
379.28284646455614
379.28284646455614
379.28284646455614
379.28284646455614
379.28284646455614
379.28284646455614
379.28284646455614
379.28284646455614
379.28284646455614
379.28284646455614
379.28284646455614
379.28284646455614
379.28284646455614
379.28284646455614
379.28284646455614
379.28284646455614
379.28284646455614
379.28284646455614
379.28284646455614
379.28284646455614
379.28284646455614
379.28284646455614
379.28284646455614
379.28284646455614
379.28284646455614
379.28284646455614
379.28284646455614
379.28284646455614
379.28284646455614
379.28284646455614
379.28284646455614
379.28284646455614
379.28284646455614
379.28284646455614
379.28284646455614
0
66.906303759998
66.906303759998
115.18909503827277
155.68011878695378
155.68011878695378
155.68011878695378
155.68011878695378
155.68011878695378
155.68011878695378
155.68011878695378
155.68011878695378
155.68011878695378
155.68011878695378
155.68011878695378
155.68011878695378
155.68011878695378
155.68011878695378
155.68011878695378
155.68011878695378
155.68011878695378
155.68011878695378
155.68011878695378
155.68011878695378
155.68011878695378
155.68011878695378
155.68011878695378
155.68011878695378
155.68011878695378
155.68011878695378
155.68011878695378
155.68011878695378
155.68011878695378
155.68011878695378
155.68011878695378
155.68011878695378
155.68011878695378
155.68011878695378
155.68011878695378
155.68011878695378
155.68011878695378
155.68011878695378
155.68011878695378
155.68011878695378
155.68011878695378
155.68011878695378
155.68011878695378
155.68011878695378
155.68011878695378
155.68011878695378
155.68011878695378
155.68011878695378
155.68011878695378
155.68011878695378
155.68011878695378
155.68011878695378
0
103.63700737946813
140.79947452099975
178.06002672237776
202.59692799444068
208.44273797595102
263.7363766534638
322.0890169574213
322.0890169574213
323.24479650127813
331.99074071167297
341.3062046976754
341.3062046976754
341.3062046976754
379.28284646455614
379.28284646455614
379.28284646455614
379.28284646455614
379.28284646455614
379.28284646455614
379.28284646455614
379.28284646455614
379.28284646455614
379.28284646455614
379.28284646455614
379.28284646455614
379.28284646455614
379.28284646455614
379.28284646455614
379.28284646455614
379.28284646455614
379.28284646455614
379.28284646455614
379.28284646455614
379.28284646455614
379.28284646455614
379.28284646455614
379.28284646455614
379.28284646455614
379.28284646455614
379.28284646455614
379.28284646455614
379.28284646455614
379.28284646455614
379.28284646455614
379.28284646455614
379.28284646455614
379.28284646455614
379.28284646455614
379.28284646455614
379.28284646455614
379.28284646455614
379.28284646455614
379.28284646455614
379.28284646455614
379.28284646455614
379.28284646455614
379.28284646455614
379.28284646455614
379.28284646455614
379.28284646455614
379.28284646455614
379.28284646455614
379.28284646455614
379.28284646455614
379.28284646455614
0
95.39135369392073
95.39135369392073
154.29841980472202
154.29841980472202
154.29841980472202
154.29841980472202
154.29841980472202
154.29841980472202
154.29841980472202
154.29841980472202
154.29841980472202
154.29841980472202
154.29841980472202
154.29841980472202
154.29841980472202
154.29841980472202
154.29841980472202
154.29841980472202
154.29841980472202
154.29841980472202
154.29841980472202
154.29841980472202
154.29841980472202
154.29841980472202
154.29841980472202
154.29841980472202
154.29841980472202
154.29841980472202
154.29841980472202
154.29841980472202
154.29841980472202
154.29841980472202
154.29841980472202
154.29841980472202
154.29841980472202
154.29841980472202
154.29841980472202
154.29841980472202
154.29841980472202
154.29841980472202
154.29841980472202
154.29841980472202
154.29841980472202
154.29841980472202
154.29841980472202
154.29841980472202
154.29841980472202
154.29841980472202
154.29841980472202
154.29841980472202
154.29841980472202
154.29841980472202
154.29841980472202
154.29841980472202
0
68.08231784801896
68.08231784801896
82.21779414955296
103.44049025519465
178.0695157016379
250.02824126661025
266.172841818784
266.172841818784
312.9640968598133
324.79597497094926
324.79597497094926
376.65810345922347
376.65810345922347
376.65810345922347
376.65810345922347
376.65810345922347
379.28284646455614
379.28284646455614
379.28284646455614
379.28284646455614
379.28284646455614
379.28284646455614
379.28284646455614
379.28284646455614
379.28284646455614
379.28284646455614
379.28284646455614
379.28284646455614
379.28284646455614
379.28284646455614
379.28284646455614
379.28284646455614
379.28284646455614
379.28284646455614
379.28284646455614
379.28284646455614
379.28284646455614
379.28284646455614
379.28284646455614
379.28284646455614
379.28284646455614
379.28284646455614
379.28284646455614
379.28284646455614
379.28284646455614
379.28284646455614
379.28284646455614
379.28284646455614
379.28284646455614
379.28284646455614
379.28284646455614
379.28284646455614
379.28284646455614
379.28284646455614
379.28284646455614
379.28284646455614
379.28284646455614
379.28284646455614
379.28284646455614
379.28284646455614
379.28284646455614
379.28284646455614
379.28284646455614
379.28284646455614
379.28284646455614
379.28284646455614
379.28284646455614
379.28284646455614
0
47.50621236134115
89.97430856551304
98.03581523981367
195.84191692917878
264.91131557470146
264.91131557470146
264.91131557470146
323.24479650127813
323.24479650127813
323.24479650127813
336.4344196698391
336.4344196698391
341.3062046976754
341.3062046976754
341.3062046976754
341.3062046976754
376.65810345922347
376.65810345922347
376.65810345922347
376.65810345922347
379.28284646455614
379.28284646455614
379.28284646455614
379.28284646455614
379.28284646455614
379.28284646455614
379.28284646455614
379.28284646455614
379.28284646455614
379.28284646455614
379.28284646455614
379.28284646455614
379.28284646455614
379.28284646455614
379.28284646455614
379.28284646455614
379.28284646455614
379.28284646455614
379.28284646455614
379.28284646455614
379.28284646455614
379.28284646455614
379.28284646455614
379.28284646455614
379.28284646455614
379.28284646455614
379.28284646455614
379.28284646455614
379.28284646455614
379.28284646455614
379.28284646455614
379.28284646455614
379.28284646455614
379.28284646455614
379.28284646455614
379.28284646455614
379.28284646455614
379.28284646455614
379.28284646455614
379.28284646455614
379.28284646455614
379.28284646455614
379.28284646455614
379.28284646455614
379.28284646455614
379.28284646455614
379.28284646455614
379.28284646455614
379.28284646455614
379.28284646455614
379.28284646455614
379.28284646455614
0
52.40669136387517
52.40669136387517
81.6879149206106
215.0396566580907
272.78129995802584
273.5432501000705
301.124994511498
313.9929760394496
358.8463103619449
358.8463103619449
358.8463103619449
358.8463103619449
358.8463103619449
361.3756008539151
376.65810345922347
376.65810345922347
376.65810345922347
379.28284646455614
379.28284646455614
379.28284646455614
379.28284646455614
379.28284646455614
379.28284646455614
379.28284646455614
379.28284646455614
379.28284646455614
379.28284646455614
379.28284646455614
379.28284646455614
379.28284646455614
379.28284646455614
379.28284646455614
379.28284646455614
379.28284646455614
379.28284646455614
379.28284646455614
379.28284646455614
379.28284646455614
379.28284646455614
379.28284646455614
379.28284646455614
379.28284646455614
379.28284646455614
379.28284646455614
379.28284646455614
379.28284646455614
379.28284646455614
379.28284646455614
379.28284646455614
379.28284646455614
379.28284646455614
379.28284646455614
379.28284646455614
379.28284646455614
379.28284646455614
379.28284646455614
379.28284646455614
379.28284646455614
379.28284646455614
379.28284646455614
379.28284646455614
379.28284646455614
379.28284646455614
379.28284646455614
379.28284646455614
379.28284646455614
379.28284646455614
379.28284646455614
379.28284646455614
379.28284646455614
-----------------------
1.0
