Best particle: 2, 1, 2, 1, 2, 3, 2, 3, 2, 3, 1, 1, 3, 1, 3, 1, 1, 2, 3, 2, 2, 3, 1, 3, 2, 3, 3, 1, 1, 3, 0, 3, 1, 3, 3, 1, 1, 1, 1, 3, 3, 1, 2, 2, 2, 2, 1, 1, 2, 2, 1, 3, 2, 1, 2, 2, 1, 1, 3, 3, 2, 1, 0, 2, 3, 3, 3, 2, 2, 1, 1, 1, 1
Violations: 0
Best fitness: -2.6548176951749984E7
1.0
        
Best particle: 1, 1, 2, 1, 0, 3, 1, 3, 2, 3, 1, 1, 2, 0, 3, 1, 1, 2, 0, 2, 3, 0, 3, 1, 2, 3, 3, 1, 1, 3, 2, 2, 2, 3, 3, 1, 1, 1, 1, 2, 0, 1, 3, 2, 1, 1, 2, 2, 2, 2, 3, 3, 2, 3, 1, 3, 1, 1, 3, 1, 2, 2, 3, 3, 3, 3, 3, 3, 2, 1, 1, 2, 2
Violations: 0
Best fitness: -2.003668659691298E7
1.0

Best particle: 1, 2, 1, 2, 0, 3, 2, 3, 2, 3, 2, 3, 3, 2, 1, 3, 0, 0, 3, 0, 3, 2, 1, 2, 3, 3, 2, 1, 1, 3, 3, 3, 2, 3, 2, 1, 1, 1, 1, 0, 0, 2, 2, 1, 1, 1, 1, 2, 1, 2, 2, 3, 3, 2, 2, 3, 1, 1, 3, 2, 1, 1, 2, 3, 3, 3, 3, 2, 2, 3, 1, 1, 1
Violations: 0
Best fitness: -1.4762148554641014E7
1.0
Configuration:  
Adaptive update: |sin(gen)/6|
c1: 3
c2: 1
popSize: 1000
gensToConverge: 1000
v range: (-2, 2)
