Best particle: 0, 2, 1, 2, 1, 2, 1, 3, 2, 2, 3, 2, 2, 3, 2, 3, 3, 0, 2, 0, 2, 3, 2, 3, 2, 1, 3, 1, 1, 2, 1, 2, 2, 3, 3, 1, 1, 2, 2, 2, 0, 3, 3, 2, 1, 1, 2, 1, 1, 1, 3, 3, 1, 3, 3, 3, 1, 1, 2, 1, 2, 2, 1, 3, 3, 3, 3, 3, 2, 1, 1, 2, 1
Violations: 0
Best fitness: -2.0871901415881E7
Best particle: 1, 2, 1, 2, 2, 3, 1, 3, 2, 1, 2, 1, 0, 2, 1, 2, 0, 3, 1, 0, 2, 3, 1, 3, 1, 3, 3, 1, 2, 3, 3, 3, 2, 3, 1, 2, 1, 1, 1, 3, 0, 2, 2, 1, 1, 1, 2, 2, 3, 2, 3, 3, 1, 3, 2, 3, 2, 1, 3, 2, 1, 1, 2, 3, 3, 3, 3, 3, 2, 1, 1, 2, 1
Violations: 0
Best fitness: -1.5999634879626006E7
Best particle: 3, 2, 1, 2, 3, 1, 2, 2, 3, 3, 2, 1, 1, 2, 1, 2, 3, 3, 3, 0, 2, 3, 1, 3, 2, 3, 2, 1, 2, 3, 3, 3, 3, 1, 3, 1, 1, 1, 1, 3, 0, 2, 2, 1, 1, 1, 3, 2, 1, 2, 3, 3, 1, 2, 2, 3, 2, 1, 3, 2, 2, 1, 3, 3, 3, 3, 3, 3, 3, 1, 1, 1, 1
Violations: 0
Best fitness: -1.2134353581227025E7
Best particle: 3, 1, 2, 1, 3, 1, 1, 2, 3, 3, 2, 1, 1, 2, 1, 3, 2, 3, 0, 2, 2, 3, 1, 3, 2, 3, 2, 1, 2, 3, 3, 3, 3, 1, 1, 3, 1, 1, 2, 3, 0, 2, 2, 1, 1, 1, 2, 2, 1, 3, 3, 3, 1, 3, 2, 3, 2, 1, 3, 1, 2, 2, 1, 3, 3, 3, 3, 3, 3, 2, 1, 2, 1
Violations: 0
Best fitness: -1.6705945955815986E7
Best particle: 1, 2, 3, 2, 1, 3, 2, 0, 3, 3, 2, 2, 3, 2, 3, 2, 1, 0, 3, 1, 2, 3, 3, 1, 2, 2, 3, 1, 1, 3, 1, 3, 1, 3, 3, 1, 1, 2, 1, 2, 0, 3, 3, 1, 1, 1, 1, 2, 1, 2, 2, 3, 1, 2, 2, 3, 1, 2, 3, 1, 2, 2, 1, 3, 1, 3, 3, 2, 3, 1, 2, 1, 1
Violations: 0
Best fitness: -1.3252660544772038E7
Best particle: 1, 1, 2, 1, 2, 3, 2, 2, 3, 1, 2, 1, 0, 1, 3, 1, 2, 2, 0, 2, 2, 3, 0, 3, 2, 2, 3, 1, 1, 3, 2, 3, 2, 3, 2, 1, 1, 1, 1, 2, 3, 3, 0, 1, 2, 2, 1, 2, 3, 1, 3, 3, 1, 3, 1, 2, 1, 1, 3, 1, 2, 3, 1, 3, 3, 3, 3, 3, 3, 1, 1, 1, 1
Violations: 0
Best fitness: -1.7484411543350007E7
Best particle: 2, 2, 1, 2, 0, 3, 2, 2, 3, 2, 1, 1, 2, 2, 3, 2, 1, 0, 2, 0, 2, 3, 3, 3, 1, 3, 2, 3, 1, 3, 1, 3, 2, 3, 2, 1, 1, 2, 2, 3, 0, 2, 3, 1, 1, 1, 2, 1, 3, 2, 3, 3, 2, 3, 2, 3, 1, 1, 3, 1, 2, 2, 3, 3, 3, 3, 3, 2, 3, 1, 1, 1, 2
Violations: 0
Best fitness: -1.0285173599681027E7
Best particle: 1, 2, 1, 2, 2, 3, 1, 2, 3, 3, 2, 1, 3, 2, 1, 3, 0, 3, 0, 2, 2, 3, 1, 3, 1, 1, 3, 1, 1, 3, 3, 3, 2, 3, 3, 1, 2, 1, 2, 2, 0, 3, 2, 2, 1, 1, 1, 2, 1, 2, 2, 0, 1, 3, 2, 2, 1, 1, 3, 3, 1, 1, 3, 2, 3, 3, 3, 2, 3, 1, 1, 2, 1
Violations: 0
Best fitness: -1.2252699312505003E7
Best particle: 0, 1, 2, 1, 2, 1, 1, 3, 2, 2, 1, 1, 2, 2, 1, 2, 3, 3, 2, 3, 2, 3, 3, 1, 2, 3, 3, 1, 1, 3, 0, 3, 1, 3, 3, 2, 1, 1, 2, 3, 1, 2, 3, 1, 1, 1, 1, 2, 3, 2, 3, 3, 2, 1, 2, 3, 2, 1, 3, 2, 2, 1, 1, 3, 3, 3, 3, 3, 1, 2, 2, 2, 1
Violations: 0
Best fitness: -2.6856494310126E7
Best particle: 1, 2, 1, 2, 2, 3, 2, 2, 3, 3, 1, 1, 3, 3, 1, 3, 0, 2, 0, 2, 2, 3, 1, 3, 1, 2, 3, 1, 1, 2, 2, 2, 2, 3, 2, 3, 1, 1, 1, 2, 0, 3, 3, 1, 1, 1, 2, 2, 2, 2, 1, 2, 2, 3, 3, 3, 3, 1, 2, 2, 1, 1, 2, 3, 3, 3, 3, 3, 3, 2, 1, 1, 1
Violations: 0
Best fitness: -1.147786965191503E7
Best particle: 2, 2, 1, 2, 2, 3, 2, 2, 3, 3, 1, 1, 2, 1, 3, 1, 1, 2, 3, 2, 2, 3, 3, 3, 2, 3, 3, 2, 1, 3, 2, 3, 1, 3, 2, 3, 2, 1, 2, 3, 0, 2, 3, 1, 2, 2, 1, 1, 2, 2, 3, 3, 2, 1, 1, 3, 1, 2, 3, 2, 1, 1, 3, 3, 3, 3, 3, 2, 3, 3, 1, 1, 2
Violations: 0
Best fitness: -1.4334830210436009E7
Best particle: 2, 1, 3, 2, 2, 3, 1, 2, 3, 3, 1, 1, 2, 1, 3, 1, 1, 2, 0, 2, 2, 3, 0, 1, 2, 2, 3, 1, 1, 3, 2, 3, 2, 3, 2, 1, 2, 3, 1, 2, 3, 3, 1, 1, 2, 2, 1, 1, 2, 2, 3, 3, 2, 3, 1, 1, 1, 2, 3, 2, 2, 3, 1, 1, 3, 3, 3, 3, 3, 1, 1, 2, 1
Violations: 0
Best fitness: -1.449973790451799E7
Best particle: 1, 2, 1, 2, 1, 3, 1, 2, 3, 2, 1, 2, 2, 2, 3, 2, 1, 1, 2, 1, 3, 2, 2, 2, 3, 2, 3, 1, 1, 3, 0, 1, 2, 3, 2, 1, 2, 1, 1, 2, 3, 3, 2, 1, 1, 1, 1, 2, 3, 2, 3, 3, 2, 3, 1, 2, 1, 3, 3, 3, 3, 1, 1, 2, 2, 3, 3, 3, 3, 1, 1, 2, 1
Violations: 0
Best fitness: -2.021133693940994E7
Best particle: 3, 1, 2, 1, 2, 1, 1, 2, 3, 3, 1, 1, 2, 2, 1, 3, 3, 3, 3, 2, 2, 3, 1, 3, 2, 3, 3, 1, 2, 3, 0, 3, 3, 1, 1, 3, 1, 2, 1, 3, 2, 1, 3, 2, 1, 1, 3, 2, 2, 2, 3, 1, 2, 1, 3, 3, 2, 1, 1, 1, 2, 2, 1, 3, 3, 3, 3, 3, 3, 1, 1, 2, 1
Violations: 0
Best fitness: -3.0521544136858016E7
Best particle: 3, 1, 3, 2, 3, 2, 2, 0, 3, 3, 1, 1, 2, 3, 1, 3, 0, 2, 3, 2, 2, 3, 3, 3, 1, 3, 2, 3, 1, 2, 2, 2, 3, 2, 3, 2, 1, 1, 2, 3, 1, 2, 3, 1, 1, 1, 3, 1, 2, 3, 3, 1, 2, 1, 0, 3, 2, 2, 3, 1, 1, 2, 3, 2, 3, 3, 3, 3, 2, 2, 3, 1, 2
Violations: 0
Best fitness: -2.4220234958102E7
Best particle: 1, 2, 1, 3, 1, 0, 2, 2, 3, 2, 3, 2, 2, 3, 2, 3, 3, 1, 2, 0, 2, 3, 0, 3, 1, 3, 3, 1, 1, 2, 1, 2, 2, 3, 2, 3, 1, 2, 1, 3, 2, 2, 3, 1, 1, 1, 1, 2, 1, 1, 3, 3, 1, 3, 3, 3, 2, 1, 1, 2, 1, 1, 2, 3, 3, 3, 1, 2, 3, 1, 1, 3, 1
Violations: 0
Best fitness: -2.3902194316174023E7
Best particle: 3, 2, 1, 2, 1, 2, 1, 3, 2, 2, 1, 2, 2, 3, 2, 1, 1, 0, 2, 3, 2, 3, 0, 1, 2, 2, 3, 1, 3, 2, 1, 2, 3, 2, 2, 3, 3, 2, 1, 2, 2, 3, 3, 1, 1, 1, 3, 1, 3, 3, 3, 3, 2, 1, 3, 1, 1, 3, 2, 3, 2, 2, 1, 2, 3, 3, 3, 3, 2, 1, 1, 2, 1
Violations: 0
Best fitness: -2.0098227055720966E7
Best particle: 0, 2, 1, 2, 0, 1, 2, 2, 3, 3, 1, 2, 2, 3, 1, 3, 2, 0, 3, 2, 2, 3, 1, 3, 1, 2, 3, 2, 1, 2, 0, 2, 1, 3, 3, 1, 1, 1, 1, 2, 3, 3, 2, 1, 1, 1, 1, 2, 2, 3, 3, 3, 2, 1, 2, 2, 2, 1, 3, 3, 1, 1, 2, 2, 3, 3, 3, 3, 3, 2, 1, 1, 1
Violations: 0
Best fitness: -2.1347598946246E7
Best particle: 2, 2, 1, 2, 1, 3, 2, 0, 3, 2, 3, 2, 2, 1, 3, 2, 2, 0, 2, 0, 0, 3, 0, 2, 1, 2, 3, 2, 1, 3, 2, 2, 2, 3, 2, 1, 1, 3, 1, 2, 3, 3, 1, 1, 2, 2, 2, 1, 1, 1, 3, 3, 1, 3, 1, 2, 1, 3, 3, 3, 1, 1, 2, 2, 3, 3, 3, 2, 2, 3, 3, 1, 2
Violations: 0
Best fitness: -2.1150595422476947E7
Best particle: 2, 2, 1, 2, 2, 3, 1, 3, 2, 3, 1, 1, 3, 0, 1, 3, 0, 3, 3, 2, 2, 3, 1, 3, 2, 3, 3, 1, 1, 3, 3, 3, 2, 3, 2, 1, 1, 1, 1, 3, 0, 2, 2, 1, 2, 1, 2, 1, 2, 2, 2, 3, 3, 1, 2, 3, 2, 1, 3, 2, 2, 1, 1, 3, 3, 3, 3, 2, 2, 1, 1, 2, 2
Violations: 0
Best fitness: -1.6691155498562992E7
Best particle: 1, 2, 3, 2, 1, 3, 2, 3, 2, 2, 1, 2, 2, 0, 2, 1, 0, 3, 2, 3, 2, 3, 2, 3, 2, 2, 3, 1, 1, 3, 3, 3, 1, 3, 2, 1, 2, 1, 1, 2, 0, 3, 2, 1, 1, 1, 2, 2, 3, 1, 3, 3, 2, 1, 1, 3, 1, 2, 3, 2, 2, 1, 3, 3, 3, 3, 3, 3, 2, 2, 1, 1, 1
Violations: 0
Best fitness: -1.6685013946225978E7
Best particle: 1, 2, 1, 2, 2, 3, 2, 2, 3, 3, 1, 1, 2, 2, 3, 1, 2, 0, 3, 0, 2, 3, 3, 1, 2, 1, 3, 1, 1, 3, 0, 3, 2, 3, 3, 1, 2, 1, 2, 2, 2, 3, 3, 2, 1, 1, 1, 2, 2, 1, 3, 3, 2, 1, 1, 3, 1, 1, 2, 2, 2, 1, 1, 3, 3, 3, 3, 3, 3, 1, 1, 1, 1
Violations: 0
Best fitness: -1.787139124010101E7
Best particle: 1, 2, 1, 2, 2, 0, 2, 2, 3, 3, 1, 1, 2, 2, 1, 3, 3, 3, 3, 2, 2, 3, 1, 3, 2, 3, 3, 1, 1, 3, 3, 1, 1, 3, 3, 1, 1, 1, 2, 3, 0, 2, 2, 1, 1, 1, 1, 2, 2, 2, 3, 3, 2, 1, 2, 3, 2, 1, 3, 2, 1, 1, 3, 3, 3, 3, 3, 2, 3, 1, 1, 1, 1
Violations: 0
Best fitness: -1.2205652157396022E7
Best particle: 2, 2, 1, 2, 2, 3, 2, 0, 3, 3, 1, 1, 2, 3, 1, 3, 0, 2, 0, 2, 2, 3, 1, 3, 2, 2, 3, 1, 1, 2, 2, 2, 2, 3, 2, 1, 3, 1, 1, 2, 0, 3, 3, 1, 1, 1, 2, 1, 2, 2, 3, 2, 2, 3, 3, 3, 3, 1, 2, 1, 2, 2, 3, 3, 3, 3, 3, 3, 2, 1, 3, 1, 1
Violations: 0
Best fitness: -1.1634051733217008E7
Best particle: 2, 2, 1, 2, 1, 3, 1, 2, 3, 3, 1, 2, 2, 0, 3, 1, 1, 1, 3, 2, 2, 3, 3, 3, 2, 2, 3, 1, 1, 3, 2, 3, 2, 3, 3, 2, 1, 1, 1, 2, 0, 3, 3, 1, 1, 1, 1, 1, 2, 2, 3, 3, 2, 1, 1, 3, 2, 2, 3, 1, 2, 2, 3, 3, 3, 3, 3, 3, 1, 2, 3, 2, 1
Violations: 0
Best fitness: -1.5904560881249E7
Best particle: 1, 2, 1, 2, 2, 3, 2, 2, 3, 2, 1, 1, 2, 2, 3, 2, 1, 0, 2, 1, 2, 3, 3, 3, 2, 2, 3, 2, 1, 3, 1, 3, 2, 3, 2, 1, 1, 2, 1, 2, 0, 3, 3, 1, 1, 1, 1, 2, 3, 2, 3, 3, 2, 3, 2, 3, 1, 2, 3, 2, 2, 1, 3, 1, 3, 3, 3, 2, 3, 1, 1, 1, 2
Violations: 0
Best fitness: -7459085.221926017
Best particle: 1, 2, 1, 2, 1, 3, 1, 2, 3, 1, 2, 2, 0, 3, 0, 1, 1, 1, 1, 2, 2, 3, 0, 3, 1, 2, 3, 1, 2, 2, 2, 2, 2, 3, 3, 1, 1, 3, 1, 2, 3, 3, 1, 1, 1, 1, 1, 2, 3, 2, 3, 3, 1, 3, 1, 2, 1, 1, 3, 3, 1, 1, 2, 2, 3, 3, 3, 1, 3, 2, 1, 2, 1
Violations: 0
Best fitness: -2.6917301111690074E7
Best particle: 3, 2, 1, 2, 3, 1, 1, 0, 3, 2, 3, 2, 2, 2, 1, 2, 3, 3, 2, 3, 0, 3, 1, 3, 2, 2, 1, 2, 2, 3, 3, 3, 3, 1, 3, 2, 1, 2, 1, 2, 0, 3, 1, 1, 1, 1, 2, 2, 1, 2, 3, 0, 2, 1, 2, 3, 1, 1, 3, 1, 2, 2, 3, 3, 3, 1, 3, 2, 3, 3, 2, 2, 2
Violations: 0
Best fitness: -2.1564376695089027E7
Best particle: 3, 1, 3, 2, 2, 1, 2, 3, 2, 2, 3, 1, 2, 3, 1, 3, 3, 2, 2, 0, 2, 3, 1, 3, 2, 3, 3, 2, 2, 2, 2, 2, 2, 1, 3, 2, 1, 1, 2, 3, 0, 2, 3, 1, 1, 1, 2, 2, 1, 2, 3, 3, 1, 3, 3, 3, 1, 2, 2, 2, 2, 1, 3, 3, 3, 3, 3, 2, 2, 3, 1, 1, 2
Violations: 0
Best fitness: -1.9546198166429978E7
Best particle: 1, 1, 2, 1, 2, 0, 1, 0, 3, 3, 2, 3, 0, 1, 3, 2, 1, 2, 0, 1, 2, 3, 0, 3, 2, 2, 1, 2, 2, 3, 2, 3, 1, 3, 1, 2, 1, 1, 1, 2, 3, 3, 0, 1, 2, 2, 2, 2, 1, 2, 3, 3, 1, 3, 1, 2, 1, 3, 3, 1, 2, 3, 1, 3, 3, 3, 3, 3, 3, 2, 1, 2, 1
Violations: 0
Best fitness: -2.338692313146598E7
Best particle: 1, 2, 1, 2, 0, 3, 2, 3, 2, 1, 2, 1, 3, 0, 2, 1, 0, 3, 1, 0, 2, 3, 2, 3, 2, 3, 3, 2, 1, 3, 3, 3, 2, 3, 2, 3, 1, 1, 2, 3, 0, 2, 2, 1, 1, 1, 1, 2, 3, 1, 2, 3, 1, 3, 1, 3, 1, 2, 3, 1, 2, 2, 3, 3, 3, 3, 3, 3, 2, 2, 1, 1, 2
Violations: 0
Best fitness: -2.085612567382099E7
Best particle: 1, 1, 2, 1, 1, 3, 2, 2, 3, 3, 2, 2, 3, 0, 3, 2, 1, 1, 3, 0, 2, 3, 0, 1, 2, 3, 3, 1, 1, 3, 2, 3, 2, 3, 3, 2, 1, 1, 1, 3, 3, 2, 0, 1, 1, 1, 2, 2, 1, 2, 2, 2, 1, 2, 1, 2, 1, 1, 3, 1, 2, 3, 1, 2, 3, 3, 3, 2, 3, 1, 1, 1, 1
Violations: 0
Best fitness: -1.6401527970182002E7
Best particle: 2, 1, 2, 1, 1, 3, 2, 2, 3, 3, 1, 2, 2, 2, 3, 1, 2, 0, 0, 2, 2, 3, 3, 3, 2, 2, 3, 2, 1, 3, 0, 1, 2, 3, 3, 2, 1, 1, 1, 2, 2, 3, 3, 1, 1, 1, 2, 1, 2, 1, 3, 3, 2, 3, 1, 3, 2, 1, 3, 2, 2, 1, 1, 3, 3, 3, 3, 3, 3, 2, 1, 1, 1
Violations: 0
Best fitness: -1.4710268420224985E7
Best particle: 2, 2, 1, 2, 1, 3, 1, 1, 3, 3, 1, 2, 3, 0, 2, 1, 0, 3, 3, 0, 2, 3, 2, 3, 2, 2, 3, 1, 1, 3, 3, 3, 2, 3, 2, 3, 2, 2, 1, 2, 0, 3, 1, 1, 1, 1, 2, 1, 2, 1, 2, 3, 3, 2, 1, 3, 2, 1, 3, 2, 1, 1, 3, 3, 3, 3, 3, 2, 3, 1, 2, 2, 1
Violations: 0
Best fitness: -1.5904836324857976E7
Best particle: 1, 2, 1, 2, 2, 3, 1, 3, 2, 3, 1, 1, 3, 2, 3, 1, 1, 0, 3, 0, 2, 3, 3, 3, 2, 2, 3, 1, 1, 3, 1, 3, 1, 3, 3, 2, 1, 2, 1, 2, 0, 3, 3, 1, 1, 1, 1, 2, 2, 2, 2, 1, 3, 2, 2, 1, 2, 2, 1, 2, 2, 3, 1, 1, 3, 3, 3, 3, 2, 1, 1, 2, 1
Violations: 0
Best fitness: -1.1729461138405025E7
Best particle: 2, 1, 3, 1, 3, 1, 2, 3, 2, 3, 1, 1, 2, 2, 1, 3, 3, 3, 0, 2, 2, 3, 1, 1, 2, 2, 2, 3, 2, 3, 3, 3, 2, 1, 1, 3, 1, 1, 3, 2, 0, 3, 2, 1, 1, 1, 3, 3, 2, 2, 3, 3, 2, 3, 2, 3, 2, 1, 3, 1, 2, 2, 1, 3, 3, 3, 3, 3, 2, 1, 1, 1, 1
Violations: 0
Best fitness: -1.9582581220593017E7
Best particle: 3, 2, 1, 2, 3, 1, 1, 2, 3, 2, 3, 1, 2, 2, 1, 3, 3, 3, 2, 0, 2, 3, 1, 3, 2, 3, 2, 3, 2, 3, 3, 3, 2, 1, 3, 2, 2, 1, 2, 3, 0, 2, 2, 1, 1, 1, 2, 2, 1, 2, 3, 3, 1, 3, 2, 3, 1, 1, 3, 2, 2, 1, 1, 3, 3, 3, 3, 2, 3, 3, 1, 2, 1
Violations: 0
Best fitness: -1.4442728053182006E7
Best particle: 1, 2, 1, 2, 2, 0, 2, 3, 2, 2, 3, 1, 2, 2, 1, 2, 3, 3, 2, 3, 3, 2, 1, 2, 3, 2, 3, 1, 1, 3, 3, 3, 2, 3, 2, 1, 1, 1, 1, 2, 0, 3, 2, 1, 1, 1, 2, 2, 1, 2, 3, 3, 2, 1, 2, 3, 1, 1, 3, 2, 3, 1, 2, 3, 2, 3, 3, 1, 2, 2, 1, 1, 2
Violations: 0
Best fitness: -1.654822733567302E7
Best particle: 0, 2, 1, 2, 0, 2, 1, 0, 3, 3, 1, 1, 3, 1, 2, 3, 1, 3, 3, 1, 2, 3, 2, 3, 2, 3, 2, 1, 1, 3, 3, 3, 1, 3, 2, 3, 1, 1, 2, 3, 0, 2, 2, 1, 2, 2, 2, 1, 2, 3, 2, 3, 3, 2, 1, 2, 1, 3, 3, 1, 2, 3, 3, 3, 3, 3, 3, 3, 2, 1, 1, 2, 2
Violations: 0
Best fitness: -2.073019156070101E7
Best particle: 1, 2, 1, 2, 1, 3, 2, 3, 2, 2, 3, 2, 2, 2, 0, 3, 2, 3, 2, 1, 2, 3, 1, 3, 2, 2, 3, 2, 1, 3, 3, 3, 2, 3, 2, 3, 1, 1, 1, 2, 0, 3, 2, 1, 1, 1, 1, 2, 1, 1, 3, 3, 1, 3, 2, 3, 1, 2, 3, 2, 2, 1, 3, 3, 3, 3, 3, 2, 2, 3, 1, 1, 2
Violations: 0
Best fitness: -1.787876049058897E7
Best particle: 0, 2, 1, 2, 0, 1, 2, 1, 3, 1, 3, 2, 2, 3, 1, 3, 3, 0, 0, 2, 2, 3, 1, 3, 1, 2, 3, 1, 1, 2, 2, 2, 1, 3, 3, 1, 1, 1, 1, 2, 0, 3, 3, 1, 1, 1, 2, 2, 2, 2, 3, 3, 2, 3, 3, 3, 1, 1, 2, 1, 1, 2, 3, 3, 3, 3, 3, 1, 2, 3, 3, 1, 2
Violations: 0
Best fitness: -2.2449531111932963E7
Best particle: 1, 2, 1, 2, 1, 3, 2, 1, 3, 1, 2, 2, 0, 2, 3, 1, 1, 1, 0, 2, 2, 3, 2, 3, 2, 2, 3, 1, 1, 3, 0, 3, 1, 3, 2, 1, 1, 1, 1, 2, 3, 3, 2, 1, 1, 1, 1, 2, 3, 2, 3, 3, 1, 3, 1, 2, 1, 1, 3, 3, 2, 1, 1, 2, 3, 3, 3, 3, 2, 1, 3, 1, 1
Violations: 0
Best fitness: -1.9186186241241008E7
Best particle: 1, 2, 1, 2, 1, 3, 1, 2, 3, 3, 2, 2, 0, 2, 3, 0, 1, 0, 3, 2, 3, 2, 3, 2, 3, 2, 3, 1, 1, 3, 1, 3, 2, 3, 3, 1, 1, 2, 1, 3, 0, 0, 3, 1, 1, 1, 2, 2, 1, 2, 3, 3, 1, 0, 2, 3, 1, 1, 3, 2, 1, 1, 2, 3, 3, 3, 3, 3, 3, 1, 1, 2, 1
Violations: 0
Best fitness: -1.1697187067189023E7
Best particle: 3, 1, 2, 1, 3, 2, 2, 3, 2, 3, 1, 1, 2, 0, 2, 1, 1, 3, 0, 3, 2, 3, 2, 3, 2, 3, 2, 1, 1, 3, 3, 3, 3, 2, 3, 1, 1, 2, 1, 3, 0, 2, 1, 1, 1, 1, 3, 1, 2, 3, 3, 3, 2, 1, 1, 3, 2, 1, 3, 2, 2, 1, 1, 3, 3, 3, 3, 2, 2, 1, 1, 1, 2
Violations: 0
Best fitness: -1.7079320906233E7
Best particle: 3, 2, 1, 2, 3, 0, 2, 2, 3, 3, 1, 2, 3, 2, 1, 0, 3, 0, 0, 3, 2, 3, 1, 3, 1, 1, 1, 2, 1, 3, 0, 1, 3, 2, 3, 1, 1, 1, 2, 2, 2, 3, 3, 2, 1, 1, 3, 1, 2, 2, 2, 3, 3, 2, 3, 3, 1, 1, 2, 1, 2, 2, 3, 3, 3, 3, 3, 3, 3, 1, 1, 1, 2
Violations: 0
Best fitness: -3.004872506407506E7
Best particle: 3, 1, 3, 2, 3, 1, 1, 0, 3, 3, 1, 2, 2, 3, 1, 3, 3, 0, 0, 2, 2, 3, 3, 3, 1, 3, 1, 2, 2, 2, 2, 2, 3, 1, 3, 2, 1, 1, 1, 3, 1, 2, 3, 1, 1, 1, 3, 2, 2, 2, 3, 3, 2, 3, 0, 3, 2, 1, 3, 2, 1, 1, 3, 3, 3, 3, 3, 3, 3, 2, 2, 2, 2
Violations: 0
Best fitness: -2.6659612107465968E7
Best particle: 1, 1, 2, 1, 2, 0, 1, 2, 3, 3, 1, 1, 2, 3, 1, 3, 2, 2, 0, 2, 2, 3, 1, 1, 2, 2, 3, 1, 1, 2, 2, 2, 2, 3, 3, 2, 1, 1, 1, 2, 3, 3, 0, 1, 1, 1, 2, 2, 2, 3, 3, 3, 2, 3, 0, 2, 2, 1, 3, 1, 3, 3, 1, 3, 2, 3, 3, 3, 3, 2, 1, 2, 1
Violations: 0
Best fitness: -2.1102712563333984E7
Best particle: 1, 1, 3, 1, 2, 0, 1, 2, 3, 3, 1, 1, 2, 2, 1, 3, 3, 3, 3, 2, 2, 3, 3, 3, 2, 1, 3, 1, 1, 3, 0, 3, 2, 3, 3, 2, 1, 1, 2, 2, 1, 3, 3, 2, 1, 1, 1, 2, 2, 2, 3, 3, 2, 1, 2, 3, 1, 1, 3, 1, 2, 2, 1, 3, 3, 3, 3, 2, 3, 1, 1, 2, 1
Violations: 0
Best fitness: -2.291559393955702E7
Best particle: 1, 1, 2, 1, 2, 3, 2, 2, 3, 2, 1, 1, 2, 1, 3, 2, 1, 2, 2, 0, 2, 3, 3, 3, 1, 2, 3, 1, 1, 3, 2, 3, 2, 3, 2, 3, 1, 1, 1, 3, 0, 0, 3, 1, 2, 2, 1, 2, 3, 2, 3, 3, 2, 3, 1, 3, 1, 1, 3, 2, 1, 1, 2, 3, 3, 3, 3, 2, 3, 1, 1, 1, 1
Violations: 0
Best fitness: -1.4793047108179044E7
Best particle: 1, 2, 1, 2, 1, 3, 2, 0, 3, 3, 1, 2, 2, 2, 3, 1, 1, 1, 0, 2, 2, 3, 3, 3, 1, 3, 3, 1, 1, 3, 1, 3, 1, 3, 3, 1, 2, 2, 1, 3, 0, 2, 3, 1, 1, 1, 1, 2, 2, 2, 3, 3, 2, 3, 2, 3, 1, 1, 3, 1, 2, 2, 3, 2, 3, 3, 3, 2, 2, 1, 3, 1, 1
Violations: 0
Best fitness: -9676709.875892991
Best particle: 1, 2, 1, 2, 1, 0, 1, 0, 3, 3, 1, 2, 2, 3, 0, 3, 3, 1, 0, 2, 2, 3, 0, 1, 2, 3, 3, 1, 1, 2, 2, 2, 2, 3, 3, 1, 3, 1, 1, 3, 3, 2, 0, 1, 1, 1, 1, 2, 2, 2, 3, 3, 2, 3, 1, 1, 1, 3, 3, 3, 2, 2, 1, 2, 3, 3, 3, 3, 3, 1, 1, 2, 2
Violations: 0
Best fitness: -2.441704714082902E7
Best particle: 0, 2, 1, 2, 0, 1, 2, 2, 3, 3, 1, 1, 2, 2, 1, 3, 3, 3, 3, 2, 2, 3, 1, 3, 2, 2, 3, 1, 1, 3, 3, 3, 1, 3, 3, 2, 1, 1, 1, 2, 0, 3, 2, 1, 1, 1, 1, 2, 2, 2, 3, 1, 2, 1, 2, 3, 2, 1, 3, 2, 2, 1, 3, 3, 3, 3, 3, 2, 3, 3, 1, 1, 2
Violations: 0
Best fitness: -1.0194123029610042E7
Best particle: 3, 2, 1, 2, 3, 1, 2, 0, 3, 3, 2, 1, 1, 3, 1, 3, 2, 2, 0, 2, 3, 2, 1, 2, 3, 3, 2, 1, 3, 2, 2, 2, 3, 1, 2, 3, 3, 3, 1, 3, 0, 1, 1, 2, 1, 1, 2, 2, 1, 3, 3, 3, 1, 3, 3, 3, 1, 2, 2, 2, 3, 1, 2, 1, 2, 3, 3, 1, 3, 3, 2, 1, 2
Violations: 0
Best fitness: -2.601108482453902E7
Best particle: 1, 2, 1, 2, 2, 3, 2, 1, 3, 2, 1, 1, 2, 1, 3, 2, 2, 2, 2, 0, 2, 3, 3, 3, 2, 2, 3, 1, 1, 3, 2, 3, 2, 3, 2, 1, 1, 1, 1, 2, 0, 3, 3, 1, 2, 2, 1, 2, 3, 1, 3, 3, 2, 3, 1, 3, 1, 1, 3, 2, 2, 1, 1, 3, 3, 3, 3, 2, 3, 1, 2, 1, 1
Violations: 0
Best fitness: -1.230891929341699E7
Best particle: 2, 2, 1, 2, 1, 3, 1, 0, 3, 0, 2, 2, 1, 2, 3, 0, 2, 1, 3, 2, 2, 3, 3, 3, 1, 3, 3, 1, 1, 3, 1, 3, 2, 3, 3, 1, 1, 2, 1, 3, 0, 2, 3, 1, 1, 1, 1, 1, 1, 1, 3, 3, 1, 0, 2, 3, 2, 1, 3, 2, 2, 1, 3, 1, 3, 3, 3, 3, 2, 1, 1, 2, 1
Violations: 0
Best fitness: -1.6287284133421998E7
Best particle: 1, 2, 1, 2, 2, 3, 2, 0, 3, 3, 1, 1, 2, 1, 3, 1, 1, 2, 0, 2, 2, 3, 3, 3, 1, 2, 3, 2, 2, 3, 2, 3, 2, 3, 3, 2, 1, 3, 1, 2, 0, 3, 1, 1, 2, 2, 1, 2, 2, 2, 3, 3, 2, 3, 1, 3, 1, 1, 3, 1, 1, 2, 2, 2, 3, 3, 3, 3, 1, 1, 2, 1, 1
Violations: 0
Best fitness: -1.5418598161876006E7
Best particle: 1, 2, 1, 2, 0, 3, 2, 0, 3, 3, 2, 2, 1, 2, 1, 3, 0, 3, 3, 0, 2, 3, 1, 3, 2, 3, 3, 1, 1, 3, 3, 3, 1, 3, 2, 3, 2, 1, 1, 3, 0, 2, 2, 1, 1, 1, 2, 2, 1, 2, 3, 3, 1, 2, 2, 1, 1, 3, 3, 3, 2, 2, 3, 2, 3, 3, 3, 1, 3, 3, 2, 1, 2
Violations: 0
Best fitness: -1.1890830805782E7
Best particle: 2, 1, 2, 1, 2, 3, 2, 0, 3, 2, 3, 1, 2, 3, 1, 0, 0, 2, 0, 2, 2, 3, 1, 3, 1, 2, 3, 1, 1, 2, 0, 2, 2, 3, 2, 3, 1, 3, 1, 2, 3, 3, 2, 1, 1, 1, 2, 1, 1, 2, 3, 1, 2, 3, 2, 2, 2, 1, 3, 3, 1, 1, 3, 2, 3, 3, 3, 3, 3, 2, 1, 1, 1
Violations: 0
Best fitness: -2.5195145813821007E7
Best particle: 1, 2, 1, 2, 2, 3, 2, 3, 2, 2, 1, 1, 2, 2, 0, 2, 2, 3, 2, 3, 2, 3, 1, 3, 2, 3, 3, 1, 1, 3, 3, 3, 2, 3, 2, 3, 1, 1, 1, 3, 0, 2, 2, 1, 1, 1, 1, 2, 3, 1, 3, 3, 2, 1, 2, 3, 2, 1, 3, 2, 2, 1, 1, 3, 3, 3, 3, 3, 2, 1, 1, 1, 1
Violations: 0
Best fitness: -1.6093072257974057E7
Best particle: 2, 1, 2, 1, 2, 3, 2, 3, 2, 2, 1, 1, 3, 1, 3, 2, 1, 2, 2, 0, 2, 3, 0, 3, 1, 2, 3, 1, 1, 3, 2, 3, 2, 3, 2, 1, 1, 3, 1, 2, 3, 3, 1, 1, 2, 2, 1, 1, 3, 2, 1, 3, 2, 3, 1, 2, 1, 3, 3, 1, 2, 3, 3, 3, 3, 3, 3, 3, 2, 1, 1, 1, 2
Violations: 0
Best fitness: -1.5915482299463999E7
Best particle: 0, 1, 2, 1, 1, 2, 2, 2, 3, 2, 1, 2, 2, 0, 2, 1, 3, 3, 2, 0, 2, 3, 2, 3, 2, 3, 3, 1, 1, 3, 1, 2, 2, 3, 3, 2, 2, 2, 2, 3, 3, 2, 0, 1, 1, 1, 2, 1, 3, 1, 3, 3, 2, 3, 0, 2, 1, 1, 3, 1, 2, 3, 1, 2, 3, 3, 3, 2, 3, 1, 1, 1, 2
Violations: 0
Best fitness: -3.0671841017752968E7
Best particle: 2, 2, 1, 2, 1, 3, 1, 3, 2, 2, 3, 2, 2, 3, 2, 3, 0, 0, 2, 0, 2, 3, 2, 3, 2, 1, 3, 1, 1, 2, 1, 2, 2, 3, 3, 1, 1, 2, 2, 2, 0, 3, 3, 2, 1, 1, 1, 1, 1, 1, 3, 3, 1, 3, 3, 3, 1, 1, 2, 2, 2, 1, 1, 3, 3, 3, 3, 2, 2, 1, 1, 2, 1
Violations: 0
Best fitness: -1.9094929004280966E7
Best particle: 2, 2, 1, 2, 1, 3, 1, 2, 3, 3, 2, 2, 3, 2, 3, 2, 1, 0, 3, 0, 2, 3, 3, 1, 2, 3, 3, 1, 1, 3, 1, 3, 2, 3, 2, 1, 1, 2, 1, 3, 0, 2, 3, 1, 1, 1, 1, 1, 1, 2, 2, 3, 3, 2, 2, 3, 1, 1, 3, 2, 2, 1, 1, 3, 1, 3, 3, 2, 3, 1, 1, 2, 2
Violations: 0
Best fitness: -1.3630667870284963E7
Best particle: 3, 1, 2, 1, 2, 1, 1, 0, 3, 3, 2, 1, 1, 2, 3, 2, 0, 0, 3, 0, 2, 3, 3, 1, 2, 3, 3, 2, 2, 3, 1, 3, 3, 1, 1, 3, 2, 2, 1, 3, 0, 2, 3, 1, 1, 1, 3, 2, 1, 2, 3, 3, 1, 2, 2, 1, 2, 2, 3, 3, 2, 2, 1, 2, 3, 3, 3, 3, 3, 2, 2, 2, 2
Violations: 0
Best fitness: -2.0952493148644976E7
Best particle: 2, 1, 2, 1, 1, 3, 2, 2, 3, 3, 1, 2, 2, 1, 2, 1, 0, 3, 0, 3, 2, 0, 2, 3, 2, 2, 3, 1, 1, 3, 3, 3, 2, 3, 3, 1, 1, 1, 1, 2, 0, 3, 2, 1, 2, 2, 2, 1, 2, 1, 3, 3, 2, 1, 1, 3, 1, 1, 3, 1, 2, 2, 1, 3, 3, 3, 3, 3, 3, 1, 1, 1, 1
Violations: 0
Best fitness: -1.3824854474081043E7
Best particle: 3, 2, 1, 2, 3, 1, 2, 2, 3, 3, 2, 1, 3, 3, 1, 3, 3, 2, 3, 0, 2, 3, 1, 3, 2, 3, 2, 1, 3, 2, 2, 2, 3, 1, 2, 3, 1, 1, 1, 3, 0, 2, 3, 1, 1, 1, 2, 2, 1, 2, 2, 2, 1, 2, 3, 3, 3, 1, 1, 2, 2, 1, 1, 1, 3, 3, 3, 3, 3, 1, 1, 1, 2
Violations: 0
Best fitness: -1.7968604041074995E7
Best particle: 3, 2, 1, 2, 3, 1, 2, 2, 3, 3, 2, 1, 1, 3, 1, 3, 2, 2, 0, 2, 2, 3, 1, 3, 2, 3, 2, 1, 2, 2, 2, 2, 3, 1, 3, 2, 1, 1, 2, 3, 0, 2, 3, 1, 1, 1, 2, 2, 1, 3, 3, 3, 1, 3, 3, 3, 1, 2, 2, 2, 2, 1, 3, 1, 3, 3, 3, 3, 3, 1, 1, 1, 2
Violations: 0
Best fitness: -1.5316048184452988E7
Best particle: 2, 2, 1, 2, 2, 3, 2, 2, 3, 2, 1, 1, 2, 2, 3, 2, 2, 0, 2, 0, 2, 3, 1, 1, 2, 1, 3, 2, 1, 3, 0, 3, 2, 3, 2, 3, 2, 1, 2, 2, 3, 3, 2, 2, 1, 1, 2, 1, 3, 1, 3, 3, 2, 3, 2, 2, 1, 3, 3, 3, 2, 1, 3, 2, 3, 3, 3, 2, 3, 1, 1, 1, 1
Violations: 0
Best fitness: -1.7339630097340986E7
Best particle: 2, 2, 3, 2, 3, 1, 1, 2, 3, 3, 1, 1, 3, 2, 0, 3, 3, 3, 0, 2, 2, 3, 0, 3, 2, 2, 2, 1, 2, 3, 1, 3, 2, 1, 3, 1, 1, 2, 1, 2, 3, 3, 0, 1, 1, 1, 2, 3, 2, 2, 1, 3, 2, 3, 2, 1, 2, 3, 3, 3, 1, 2, 3, 1, 3, 3, 3, 3, 3, 1, 1, 2, 1
Violations: 0
Best fitness: -2.7906909565853003E7
Best particle: 1, 2, 1, 2, 1, 2, 1, 3, 2, 1, 2, 2, 3, 0, 2, 1, 1, 3, 1, 3, 3, 0, 0, 1, 2, 2, 3, 1, 1, 3, 3, 2, 3, 2, 2, 1, 1, 1, 1, 2, 2, 3, 0, 1, 1, 1, 1, 3, 3, 3, 2, 3, 1, 2, 1, 3, 1, 1, 3, 1, 2, 2, 1, 3, 3, 3, 3, 2, 2, 1, 1, 2, 2
Violations: 0
Best fitness: -2.7444678038604975E7
Best particle: 0, 1, 2, 1, 2, 1, 1, 2, 3, 3, 1, 1, 3, 2, 1, 3, 3, 0, 0, 2, 2, 3, 1, 3, 2, 1, 3, 1, 2, 3, 0, 3, 1, 3, 3, 1, 1, 3, 2, 2, 3, 3, 1, 2, 1, 1, 2, 2, 2, 2, 1, 3, 2, 3, 2, 2, 1, 3, 3, 1, 2, 3, 3, 3, 3, 3, 3, 3, 3, 1, 1, 0, 1
Violations: 0
Best fitness: -2.9369566547549985E7
Best particle: 1, 2, 1, 2, 2, 3, 1, 0, 3, 3, 1, 3, 2, 2, 3, 1, 2, 0, 0, 2, 2, 3, 0, 1, 2, 1, 1, 2, 1, 3, 1, 1, 1, 3, 3, 2, 1, 2, 2, 2, 3, 3, 0, 2, 1, 1, 2, 2, 2, 1, 3, 3, 2, 3, 2, 2, 1, 1, 3, 1, 2, 3, 1, 3, 3, 3, 3, 2, 3, 1, 2, 2, 2
Violations: 0
Best fitness: -1.756951849157398E7
Best particle: 0, 1, 2, 1, 1, 2, 2, 2, 3, 3, 1, 2, 3, 0, 2, 3, 3, 3, 3, 0, 2, 3, 2, 1, 2, 2, 3, 2, 1, 3, 3, 3, 2, 3, 2, 1, 1, 2, 1, 2, 0, 3, 1, 1, 1, 1, 1, 1, 2, 1, 2, 3, 3, 2, 1, 3, 2, 1, 3, 2, 2, 1, 1, 3, 3, 3, 3, 3, 3, 1, 1, 1, 1
Violations: 0
Best fitness: -1.7714288268940035E7
Best particle: 3, 2, 1, 2, 1, 2, 2, 3, 2, 1, 2, 2, 1, 3, 2, 1, 3, 0, 0, 3, 2, 3, 0, 3, 2, 2, 3, 1, 1, 2, 1, 2, 1, 2, 3, 1, 1, 2, 3, 2, 2, 3, 3, 1, 1, 1, 3, 1, 3, 1, 3, 3, 1, 2, 3, 3, 1, 1, 2, 1, 2, 2, 3, 3, 3, 3, 3, 3, 2, 1, 1, 1, 2
Violations: 0
Best fitness: -2.2032203562297005E7
Best particle: 1, 2, 1, 2, 3, 0, 2, 3, 2, 3, 2, 1, 0, 2, 1, 3, 3, 3, 0, 2, 2, 3, 1, 1, 2, 3, 2, 1, 1, 3, 3, 1, 3, 2, 3, 1, 2, 1, 1, 3, 0, 2, 2, 1, 1, 1, 3, 3, 1, 2, 3, 3, 1, 3, 2, 3, 2, 1, 3, 2, 2, 1, 1, 1, 3, 3, 3, 3, 1, 1, 2, 1, 1
Violations: 0
Best fitness: -1.6415849875242997E7
Best particle: 2, 2, 1, 2, 2, 3, 2, 3, 2, 3, 1, 1, 2, 2, 0, 3, 2, 3, 3, 2, 2, 3, 1, 3, 1, 3, 3, 1, 2, 3, 3, 3, 2, 3, 3, 2, 1, 2, 2, 3, 0, 0, 1, 1, 1, 1, 2, 1, 2, 1, 3, 1, 2, 1, 2, 3, 2, 2, 3, 1, 1, 2, 2, 3, 3, 3, 3, 1, 2, 2, 1, 1, 1
Violations: 0
Best fitness: -1.8459574784697033E7
Best particle: 1, 2, 3, 2, 1, 3, 1, 2, 3, 3, 1, 2, 3, 3, 2, 1, 0, 1, 0, 3, 2, 3, 2, 3, 2, 2, 3, 1, 1, 2, 0, 2, 2, 3, 3, 2, 1, 1, 1, 2, 3, 3, 2, 1, 1, 1, 2, 2, 2, 1, 2, 3, 3, 2, 1, 2, 1, 1, 3, 1, 2, 3, 1, 3, 3, 3, 3, 2, 3, 1, 1, 2, 2
Violations: 0
Best fitness: -1.7286828138657983E7
Best particle: 2, 2, 1, 2, 1, 3, 2, 0, 3, 1, 2, 2, 1, 2, 3, 2, 1, 1, 1, 0, 2, 3, 3, 3, 2, 2, 3, 1, 1, 3, 1, 3, 2, 3, 2, 1, 1, 2, 1, 2, 0, 3, 3, 1, 1, 1, 1, 1, 3, 2, 3, 3, 1, 3, 2, 2, 1, 1, 3, 1, 2, 3, 1, 3, 3, 3, 3, 3, 3, 1, 1, 1, 2
Violations: 0
Best fitness: -1.2774976955333017E7
Best particle: 1, 1, 3, 2, 2, 3, 2, 0, 3, 3, 1, 1, 3, 3, 0, 1, 2, 2, 0, 3, 2, 3, 0, 3, 2, 3, 3, 2, 2, 2, 2, 2, 2, 3, 3, 2, 1, 1, 2, 3, 3, 2, 0, 1, 1, 1, 2, 2, 2, 1, 2, 3, 3, 2, 1, 2, 1, 1, 3, 1, 2, 3, 3, 2, 3, 3, 3, 2, 2, 1, 3, 1, 2
Violations: 0
Best fitness: -2.2996571795872953E7
Best particle: 1, 1, 2, 1, 1, 3, 1, 2, 3, 1, 2, 2, 0, 2, 3, 1, 1, 0, 0, 2, 2, 3, 0, 3, 1, 2, 3, 1, 1, 3, 1, 3, 2, 3, 2, 1, 1, 3, 1, 2, 3, 3, 2, 1, 1, 1, 1, 2, 3, 2, 3, 2, 1, 3, 2, 2, 1, 1, 3, 1, 1, 3, 2, 3, 3, 3, 3, 2, 3, 1, 1, 2, 1
Violations: 0
Best fitness: -1.3893130898589056E7
Best particle: 1, 1, 2, 1, 2, 3, 1, 2, 3, 2, 1, 1, 3, 0, 3, 2, 1, 2, 2, 1, 2, 3, 3, 3, 2, 2, 3, 1, 1, 3, 2, 2, 2, 3, 2, 1, 2, 1, 1, 2, 0, 3, 3, 1, 1, 1, 2, 2, 3, 2, 1, 3, 2, 3, 1, 3, 1, 2, 3, 2, 2, 1, 3, 3, 3, 3, 3, 3, 3, 1, 1, 2, 2
Violations: 0
Best fitness: -1.5100005403669978E7
Best particle: 2, 3, 1, 3, 2, 3, 1, 0, 3, 1, 2, 1, 1, 2, 1, 2, 0, 3, 1, 3, 3, 0, 1, 1, 2, 2, 3, 1, 1, 3, 3, 3, 2, 3, 2, 3, 1, 1, 1, 2, 0, 3, 2, 1, 1, 1, 1, 1, 3, 2, 3, 3, 1, 2, 2, 3, 2, 1, 3, 2, 2, 1, 3, 3, 3, 2, 2, 3, 3, 2, 2, 3, 3
Violations: 0
Best fitness: -1.8054638445051022E7
Best particle: 1, 2, 1, 2, 1, 3, 2, 2, 3, 2, 3, 2, 2, 3, 2, 3, 0, 0, 2, 1, 2, 3, 2, 3, 2, 2, 3, 2, 1, 2, 0, 2, 2, 3, 2, 1, 3, 2, 1, 2, 3, 3, 1, 1, 1, 1, 1, 2, 1, 1, 3, 3, 1, 3, 1, 2, 1, 1, 3, 3, 2, 1, 1, 2, 3, 3, 3, 3, 3, 2, 1, 1, 2
Violations: 0
Best fitness: -2.0341053211073935E7
Best particle: 1, 1, 2, 1, 2, 3, 2, 2, 3, 3, 2, 1, 1, 3, 1, 3, 0, 2, 0, 2, 2, 3, 1, 3, 1, 3, 3, 2, 1, 2, 2, 2, 1, 3, 3, 1, 1, 1, 2, 3, 0, 2, 3, 1, 1, 1, 2, 2, 1, 2, 3, 3, 1, 3, 3, 3, 1, 1, 2, 2, 2, 1, 3, 3, 3, 3, 3, 2, 3, 3, 1, 1, 2
Violations: 0
Best fitness: -1.1732792762346E7
Best particle: 1, 1, 3, 2, 2, 3, 1, 2, 1, 3, 1, 1, 2, 0, 3, 1, 2, 2, 0, 2, 2, 3, 3, 3, 2, 2, 3, 1, 1, 3, 2, 3, 2, 3, 2, 1, 1, 1, 1, 2, 0, 3, 3, 1, 1, 1, 2, 2, 2, 1, 3, 3, 2, 3, 1, 3, 2, 1, 3, 2, 2, 1, 1, 1, 3, 3, 3, 2, 3, 1, 1, 2, 2
Violations: 0
Best fitness: -1.2536909965858007E7
Best particle: 1, 1, 2, 1, 0, 3, 2, 3, 2, 1, 2, 1, 1, 1, 2, 1, 0, 3, 1, 3, 2, 3, 0, 3, 2, 2, 3, 1, 1, 3, 3, 3, 2, 3, 3, 1, 1, 1, 1, 2, 2, 3, 0, 1, 2, 2, 1, 2, 3, 1, 3, 3, 1, 2, 1, 3, 1, 1, 3, 1, 2, 2, 1, 3, 3, 3, 3, 2, 2, 1, 1, 1, 1
Violations: 0
Best fitness: -2.0095198682627015E7
Best particle: 1, 1, 2, 1, 2, 3, 2, 3, 2, 3, 1, 1, 2, 2, 1, 3, 0, 3, 0, 2, 2, 3, 1, 3, 1, 3, 3, 1, 1, 3, 3, 3, 2, 3, 3, 1, 2, 1, 1, 3, 0, 2, 2, 1, 1, 1, 2, 2, 2, 2, 3, 3, 2, 3, 2, 3, 1, 1, 3, 2, 2, 1, 3, 3, 3, 3, 3, 2, 2, 1, 1, 1, 2
Violations: 0
Best fitness: -7012137.2520780265
Best particle: 0, 2, 1, 2, 1, 2, 1, 2, 3, 2, 1, 2, 3, 0, 2, 1, 3, 3, 2, 3, 2, 3, 2, 3, 2, 2, 3, 1, 2, 3, 3, 2, 2, 3, 3, 2, 1, 1, 1, 2, 0, 3, 2, 1, 1, 1, 2, 1, 3, 1, 1, 3, 2, 1, 1, 3, 2, 1, 3, 2, 2, 1, 3, 1, 3, 3, 3, 1, 3, 2, 1, 2, 1
Violations: 0
Best fitness: -1.9757930922452036E7
Best particle: 1, 1, 2, 3, 2, 3, 3, 2, 3, 3, 1, 1, 3, 2, 1, 3, 0, 3, 3, 2, 2, 3, 1, 3, 1, 3, 3, 1, 2, 3, 3, 3, 2, 3, 3, 1, 2, 2, 2, 3, 0, 2, 1, 1, 1, 1, 2, 2, 2, 2, 1, 3, 2, 1, 2, 3, 1, 1, 3, 1, 1, 2, 3, 3, 3, 3, 2, 3, 1, 1, 3, 1, 1
Violations: 0
Best fitness: -1.3488149848718058E7
Best particle: 2, 2, 1, 2, 1, 3, 2, 2, 3, 0, 1, 3, 2, 3, 2, 3, 0, 1, 0, 1, 2, 3, 2, 3, 1, 3, 2, 1, 2, 2, 0, 2, 2, 3, 3, 2, 1, 1, 2, 3, 3, 2, 2, 1, 1, 1, 2, 1, 2, 1, 3, 3, 2, 3, 1, 2, 1, 1, 3, 3, 2, 1, 3, 1, 3, 3, 3, 2, 3, 1, 1, 1, 1
Violations: 0
Best fitness: -2.2629233411476996E7
Best particle: 1, 1, 2, 3, 2, 3, 3, 3, 2, 3, 1, 1, 3, 2, 1, 3, 0, 3, 3, 0, 3, 2, 1, 2, 3, 3, 3, 1, 1, 3, 3, 3, 2, 3, 3, 1, 1, 1, 1, 3, 0, 2, 2, 1, 1, 1, 2, 2, 2, 2, 1, 3, 3, 2, 2, 2, 2, 3, 1, 1, 1, 3, 2, 3, 3, 3, 2, 2, 2, 1, 1, 1, 1
Violations: 0
Best fitness: -1.3905328692853997E7
Best particle: 1, 1, 3, 2, 2, 3, 2, 3, 2, 3, 2, 1, 1, 0, 3, 2, 1, 2, 0, 1, 2, 3, 0, 3, 2, 3, 3, 2, 1, 3, 2, 3, 2, 3, 2, 1, 2, 3, 1, 3, 3, 2, 1, 1, 1, 1, 2, 2, 1, 2, 3, 3, 1, 3, 1, 1, 1, 2, 3, 2, 2, 3, 1, 3, 3, 3, 3, 2, 2, 3, 1, 1, 2
Violations: 0
Best fitness: -1.6555620954668986E7
Best particle: 1, 2, 1, 2, 1, 3, 2, 0, 3, 3, 2, 2, 1, 3, 2, 3, 0, 0, 0, 1, 2, 3, 0, 3, 2, 3, 3, 1, 1, 2, 1, 2, 2, 3, 3, 2, 1, 2, 1, 3, 2, 2, 3, 1, 1, 1, 1, 2, 1, 1, 3, 3, 1, 3, 3, 3, 1, 1, 2, 2, 2, 1, 1, 1, 3, 3, 3, 3, 3, 1, 2, 1, 2
Violations: 0
Best fitness: -1.1361078942021009E7
Best particle: 1, 2, 3, 2, 2, 3, 2, 1, 3, 3, 2, 3, 0, 2, 3, 0, 2, 1, 0, 2, 2, 3, 0, 3, 2, 2, 1, 3, 1, 3, 1, 3, 2, 3, 2, 1, 1, 2, 1, 2, 3, 3, 0, 1, 1, 1, 2, 2, 1, 1, 3, 3, 1, 3, 2, 2, 1, 1, 3, 1, 2, 3, 1, 3, 3, 3, 3, 3, 2, 1, 3, 1, 1
Violations: 0
Best fitness: -1.3137091431552008E7
Best particle: 1, 2, 1, 2, 2, 3, 1, 2, 3, 2, 1, 1, 2, 2, 1, 0, 0, 3, 0, 2, 2, 3, 1, 1, 2, 3, 3, 1, 1, 3, 3, 3, 2, 3, 2, 1, 1, 1, 2, 3, 0, 2, 2, 1, 1, 1, 1, 2, 3, 2, 3, 3, 2, 3, 2, 3, 1, 1, 0, 2, 2, 1, 1, 3, 3, 3, 3, 2, 3, 1, 1, 2, 1
Violations: 0
Best fitness: -1.142753329713398E7
Best particle: 3, 2, 3, 2, 3, 1, 1, 3, 2, 3, 2, 2, 1, 2, 1, 3, 2, 3, 3, 0, 3, 2, 1, 2, 3, 2, 1, 2, 2, 3, 3, 3, 3, 1, 3, 2, 2, 2, 1, 2, 0, 3, 1, 1, 1, 1, 2, 2, 1, 3, 3, 3, 1, 2, 2, 3, 1, 2, 0, 2, 3, 1, 2, 3, 2, 1, 3, 3, 1, 1, 2, 2, 3
Violations: 0
Best fitness: -2.5594341462941017E7
Best particle: 2, 1, 2, 1, 2, 0, 1, 1, 3, 3, 1, 1, 2, 2, 1, 3, 3, 3, 0, 2, 2, 3, 3, 3, 2, 3, 3, 1, 2, 3, 0, 3, 2, 3, 3, 1, 1, 2, 1, 3, 1, 2, 3, 1, 1, 1, 2, 1, 2, 2, 3, 3, 2, 3, 2, 2, 2, 3, 3, 1, 2, 3, 3, 2, 3, 3, 3, 3, 3, 1, 2, 2, 2
Violations: 0
Best fitness: -1.8896712208546005E7
Best particle: 2, 2, 1, 2, 0, 3, 2, 0, 3, 0, 2, 1, 1, 3, 1, 3, 0, 2, 0, 2, 2, 3, 1, 3, 2, 2, 2, 1, 2, 2, 2, 2, 2, 3, 3, 2, 1, 1, 1, 2, 0, 3, 3, 1, 1, 1, 2, 1, 1, 2, 3, 2, 1, 3, 3, 3, 3, 2, 2, 2, 2, 1, 1, 3, 3, 3, 3, 3, 3, 2, 2, 1, 2
Violations: 0
Best fitness: -1.687647400603498E7
Best particle: 1, 2, 1, 2, 1, 3, 2, 2, 3, 1, 2, 2, 0, 3, 2, 1, 0, 0, 0, 3, 2, 3, 2, 3, 2, 3, 3, 1, 1, 2, 0, 2, 2, 3, 3, 1, 1, 1, 1, 3, 3, 2, 2, 1, 1, 1, 2, 2, 3, 1, 3, 3, 1, 2, 1, 2, 1, 1, 3, 1, 2, 3, 1, 3, 3, 3, 3, 3, 3, 1, 1, 1, 2
Violations: 0
Best fitness: -2.1100492540442016E7
Best particle: 1, 2, 1, 2, 1, 3, 1, 2, 3, 3, 2, 2, 1, 2, 3, 2, 1, 0, 3, 0, 2, 3, 3, 1, 2, 3, 3, 1, 1, 3, 1, 1, 2, 3, 3, 1, 1, 2, 1, 3, 0, 2, 3, 1, 1, 1, 2, 2, 1, 2, 3, 3, 1, 2, 2, 3, 1, 1, 3, 1, 2, 2, 1, 2, 3, 3, 3, 2, 3, 1, 1, 2, 1
Violations: 0
Best fitness: -1.1474128698345019E7
0.01
0.01
0.01
0.01
0.01
0.01
0.01
0.01
0.01
0.01
0.01
0.01
0.01
0.01
0.01
0.01
0.01
0.01
0.01
0.01
0.01
0.01
0.01
0.01
0.01
0.01
0.01
0.01
0.01
0.01
0.01
0.01
0.01
0.01
0.01
0.01
0.01
0.01
0.01
0.01
0.01
0.01
0.01
0.01
0.01
0.01
0.01
0.01
0.01
0.01
0.01
0.01
0.01
0.01
0.01
0.01
0.01
0.01
0.01
0.01
0.01
0.01
0.01
0.01
0.01
0.01
0.01
0.01
0.01
0.01
0.01
0.01
0.01
0.01
0.01
0.01
0.01
0.01
0.01
0.01
0.01
0.01
0.01
0.01
0.01
0.01
0.01
0.01
0.01
0.01
0.01
0.01
0.01
0.01
0.01
0.01
0.01
0.01
0.01
0.01
