0, 0
Best particle: 1, 2, 1, 2, 3, 2, 2, 1, 3, 1, 3, 1, 0, 3, 0, 3, 1, 2, 0, 2, 3, 2, 3, 2, 3, 1, 2, 1, 3, 2, 2, 2, 1, 2, 1, 3, 1, 1, 2, 2, 0, 3, 3, 2, 1, 1, 1, 3, 2, 3, 3, 3, 2, 3, 1, 3, 1, 1, 3, 2, 1, 1, 2, 3, 3, 3, 3, 3, 3, 1, 2, 1, 1
Violations: 0
Best fitness: -4.2513480108617105E7
1, 0
Best particle: 3, 1, 2, 1, 3, 1, 1, 0, 3, 3, 1, 1, 3, 3, 1, 3, 2, 2, 3, 0, 2, 3, 1, 3, 1, 2, 2, 1, 2, 2, 0, 2, 3, 1, 3, 2, 1, 3, 1, 2, 3, 3, 1, 1, 1, 1, 2, 2, 2, 3, 2, 3, 3, 2, 2, 1, 2, 2, 3, 2, 2, 3, 3, 1, 3, 3, 3, 3, 3, 1, 1, 2, 2
Violations: 0
Best fitness: -2.5983700775345985E7
2, 0
Best particle: 2, 2, 1, 2, 2, 3, 2, 2, 3, 1, 2, 1, 3, 0, 3, 1, 2, 2, 1, 2, 2, 3, 3, 3, 2, 3, 0, 2, 1, 3, 1, 3, 1, 3, 2, 1, 2, 2, 1, 3, 0, 2, 3, 1, 1, 2, 1, 1, 3, 1, 2, 3, 1, 3, 2, 3, 2, 2, 3, 1, 2, 2, 1, 3, 3, 3, 3, 1, 3, 2, 1, 1, 2
Violations: 0
Best fitness: -4.0307510303070016E7
3, 0
Best particle: 1, 1, 2, 1, 2, 0, 2, 3, 2, 3, 2, 1, 0, 0, 1, 3, 3, 3, 3, 2, 2, 3, 3, 3, 2, 3, 3, 2, 1, 3, 2, 3, 2, 3, 2, 1, 1, 1, 1, 3, 1, 1, 3, 2, 1, 1, 1, 2, 1, 2, 3, 2, 1, 0, 0, 3, 3, 1, 2, 2, 1, 1, 3, 3, 3, 3, 3, 2, 2, 1, 1, 1, 1
Violations: 0
Best fitness: -4.0766390065078E7
4, 0
Best particle: 1, 1, 3, 2, 2, 0, 2, 0, 3, 3, 2, 1, 0, 3, 1, 2, 3, 2, 3, 0, 3, 2, 1, 2, 3, 3, 3, 1, 2, 2, 2, 2, 2, 3, 3, 2, 1, 1, 1, 3, 0, 2, 3, 1, 1, 1, 2, 2, 1, 2, 3, 3, 1, 2, 3, 2, 2, 1, 1, 1, 1, 3, 2, 3, 3, 3, 3, 3, 3, 1, 2, 1, 2
Violations: 0
Best fitness: -1.5325699471750008E7
5, 0
Best particle: 1, 1, 2, 1, 1, 3, 2, 3, 2, 0, 2, 3, 3, 2, 3, 2, 2, 1, 3, 1, 3, 2, 0, 2, 1, 2, 2, 1, 2, 3, 1, 3, 2, 3, 3, 1, 1, 2, 1, 2, 3, 3, 0, 1, 1, 1, 2, 2, 1, 1, 2, 3, 3, 2, 2, 2, 1, 1, 3, 1, 1, 3, 2, 2, 3, 3, 3, 2, 2, 0, 1, 1, 2
Violations: 0
Best fitness: -1.8449307705913004E7
6, 0
Best particle: 1, 2, 1, 2, 0, 3, 2, 2, 3, 3, 1, 1, 2, 1, 2, 1, 0, 3, 3, 0, 1, 3, 0, 2, 1, 3, 2, 1, 1, 3, 3, 3, 1, 3, 3, 1, 1, 2, 1, 3, 2, 2, 1, 1, 2, 2, 1, 2, 2, 1, 3, 3, 2, 1, 1, 1, 2, 2, 3, 3, 1, 2, 2, 2, 3, 3, 3, 3, 3, 2, 1, 1, 1
Violations: 0
Best fitness: -1.8581194277786046E7
7, 0
Best particle: 1, 1, 3, 2, 1, 3, 2, 3, 2, 3, 1, 2, 3, 2, 3, 1, 2, 0, 3, 0, 3, 1, 0, 1, 2, 2, 3, 2, 2, 3, 1, 1, 1, 3, 1, 2, 2, 2, 1, 2, 3, 3, 0, 1, 1, 1, 1, 2, 2, 1, 2, 3, 3, 2, 2, 2, 2, 3, 3, 1, 3, 3, 1, 3, 2, 3, 3, 1, 2, 2, 1, 1, 1
Violations: 0
Best fitness: -2.1035341089300998E7
8, 0
Best particle: 2, 2, 1, 2, 2, 0, 1, 2, 3, 3, 2, 1, 1, 0, 3, 2, 1, 2, 3, 1, 3, 2, 0, 1, 3, 3, 3, 1, 1, 3, 2, 3, 2, 3, 2, 3, 1, 1, 1, 3, 3, 1, 0, 2, 1, 1, 2, 1, 1, 2, 3, 3, 1, 2, 1, 1, 2, 2, 3, 2, 3, 3, 1, 3, 1, 3, 3, 2, 3, 1, 1, 2, 1
Violations: 0
Best fitness: -2.7658674222289026E7
9, 0
Best particle: 2, 2, 3, 2, 2, 3, 1, 2, 3, 0, 2, 1, 3, 0, 3, 2, 1, 2, 0, 1, 2, 3, 3, 1, 2, 2, 3, 2, 1, 1, 2, 3, 2, 3, 3, 2, 2, 1, 1, 2, 0, 3, 3, 1, 2, 1, 2, 1, 1, 2, 0, 1, 1, 3, 1, 3, 2, 1, 3, 2, 2, 1, 1, 3, 3, 3, 3, 3, 3, 1, 1, 2, 1
Violations: 0
Best fitness: -2.898675605170502E7
10, 0
Best particle: 2, 1, 2, 1, 1, 3, 2, 3, 2, 2, 3, 2, 2, 3, 2, 3, 0, 1, 2, 0, 2, 3, 0, 3, 1, 3, 3, 1, 1, 1, 1, 2, 2, 3, 3, 2, 2, 2, 2, 3, 2, 2, 3, 1, 2, 1, 1, 1, 1, 1, 3, 3, 2, 3, 3, 1, 1, 2, 2, 2, 1, 3, 2, 3, 3, 2, 3, 1, 2, 2, 1, 1, 3
Violations: 0
Best fitness: -2.7161573072864935E7
11, 0
Best particle: 2, 2, 1, 2, 1, 3, 1, 3, 1, 0, 2, 2, 1, 2, 3, 0, 2, 0, 3, 2, 3, 2, 0, 1, 3, 2, 3, 1, 1, 3, 1, 3, 1, 3, 3, 2, 1, 2, 1, 2, 3, 3, 0, 1, 1, 3, 1, 1, 1, 1, 3, 1, 1, 0, 2, 2, 2, 1, 3, 1, 2, 3, 1, 2, 3, 3, 3, 3, 2, 2, 1, 2, 1
Violations: 0
Best fitness: -2.8570932557540968E7
12, 0
Best particle: 1, 2, 1, 2, 0, 3, 1, 2, 3, 2, 1, 2, 2, 1, 3, 2, 2, 0, 2, 0, 1, 3, 1, 3, 1, 2, 1, 2, 1, 3, 0, 3, 1, 3, 3, 1, 1, 1, 1, 2, 3, 3, 2, 1, 2, 2, 1, 2, 3, 1, 3, 1, 2, 3, 2, 1, 2, 2, 1, 3, 1, 2, 2, 1, 3, 3, 3, 2, 1, 1, 3, 2, 1
Violations: 0
Best fitness: -3.3012504019754037E7
13, 0
Best particle: 2, 3, 1, 3, 1, 3, 1, 3, 2, 3, 1, 3, 2, 3, 2, 3, 0, 1, 3, 0, 2, 3, 2, 1, 2, 3, 2, 1, 2, 1, 1, 2, 2, 3, 3, 1, 2, 2, 1, 3, 0, 2, 3, 1, 2, 1, 1, 1, 2, 1, 3, 3, 2, 1, 3, 3, 2, 1, 1, 2, 2, 1, 1, 1, 3, 2, 2, 3, 1, 1, 2, 3, 3
Violations: 0
Best fitness: -2.683211660670603E7
14, 0
Best particle: 1, 1, 2, 1, 2, 0, 1, 3, 2, 2, 1, 3, 2, 2, 1, 2, 3, 0, 2, 0, 3, 2, 1, 1, 3, 1, 1, 3, 1, 3, 3, 3, 1, 3, 3, 1, 1, 2, 2, 2, 0, 3, 1, 2, 1, 1, 1, 2, 3, 2, 3, 3, 2, 3, 2, 3, 1, 1, 3, 1, 2, 2, 1, 3, 1, 3, 3, 1, 2, 2, 1, 2, 2
Violations: 0
Best fitness: -2.5073311989608996E7
15, 0
Best particle: 1, 1, 2, 1, 2, 3, 2, 3, 2, 3, 2, 3, 3, 2, 3, 2, 1, 1, 3, 0, 1, 3, 2, 3, 1, 3, 1, 3, 2, 1, 0, 3, 2, 3, 3, 2, 2, 1, 2, 2, 3, 0, 2, 1, 3, 1, 1, 2, 1, 2, 2, 2, 1, 2, 1, 2, 1, 1, 2, 1, 1, 3, 2, 3, 3, 2, 3, 3, 2, 1, 1, 1, 1
Violations: 0
Best fitness: -3.368672322893098E7
16, 0
Best particle: 1, 2, 1, 2, 2, 0, 2, 3, 2, 3, 1, 3, 2, 3, 1, 3, 3, 0, 3, 2, 3, 2, 2, 2, 3, 3, 1, 2, 1, 2, 0, 2, 2, 3, 3, 1, 3, 1, 2, 3, 1, 2, 3, 1, 1, 1, 1, 2, 2, 2, 3, 3, 2, 1, 3, 3, 1, 2, 2, 1, 1, 2, 2, 2, 3, 3, 3, 2, 2, 3, 1, 1, 1
Violations: 0
Best fitness: -2.8304898797833018E7
17, 0
Best particle: 2, 2, 1, 3, 0, 3, 2, 0, 3, 1, 2, 2, 3, 3, 1, 0, 0, 0, 0, 2, 0, 2, 1, 3, 1, 3, 3, 1, 1, 2, 2, 2, 1, 3, 3, 2, 1, 1, 2, 3, 0, 0, 3, 1, 1, 1, 1, 1, 3, 2, 0, 1, 1, 3, 3, 3, 2, 2, 1, 1, 1, 2, 2, 3, 3, 3, 1, 3, 1, 1, 2, 3, 1
Violations: 0
Best fitness: -3.489765435341708E7
18, 0
Best particle: 3, 1, 2, 1, 3, 0, 1, 1, 3, 1, 3, 1, 2, 3, 1, 3, 3, 2, 0, 2, 2, 3, 1, 3, 1, 3, 2, 1, 2, 2, 2, 2, 2, 1, 3, 2, 1, 1, 1, 3, 0, 0, 3, 1, 1, 1, 3, 2, 2, 2, 3, 3, 2, 3, 3, 3, 1, 1, 2, 2, 2, 1, 3, 1, 3, 3, 3, 3, 3, 1, 2, 2, 1
Violations: 0
Best fitness: -2.2736012647682007E7
19, 0
Best particle: 1, 2, 1, 2, 2, 3, 1, 2, 3, 2, 1, 3, 2, 3, 0, 2, 1, 2, 2, 3, 3, 2, 0, 1, 3, 3, 1, 3, 1, 1, 1, 2, 1, 3, 3, 1, 2, 3, 1, 3, 3, 2, 2, 1, 2, 1, 1, 2, 3, 2, 3, 3, 2, 1, 2, 1, 2, 2, 3, 2, 2, 3, 1, 3, 3, 3, 3, 1, 1, 3, 3, 2, 2
Violations: 0
Best fitness: -4.221537760184101E7
20, 0
Best particle: 2, 2, 1, 2, 1, 3, 2, 2, 3, 2, 1, 2, 3, 2, 3, 2, 1, 1, 2, 1, 1, 3, 3, 3, 1, 2, 3, 1, 2, 3, 1, 1, 1, 3, 3, 2, 1, 2, 1, 2, 2, 3, 3, 1, 1, 1, 2, 1, 3, 2, 1, 1, 2, 3, 0, 1, 2, 2, 3, 2, 1, 3, 2, 3, 2, 3, 3, 2, 3, 1, 1, 1, 2
Violations: 0
Best fitness: -2.4505226938538957E7
21, 0
Best particle: 3, 3, 1, 3, 1, 2, 1, 2, 3, 1, 3, 2, 2, 3, 2, 3, 1, 1, 1, 0, 2, 3, 2, 3, 2, 3, 3, 1, 1, 1, 0, 2, 1, 2, 2, 3, 2, 2, 1, 3, 3, 2, 1, 1, 2, 1, 3, 1, 2, 3, 1, 3, 2, 3, 1, 1, 1, 2, 3, 3, 2, 2, 1, 2, 3, 2, 2, 3, 3, 2, 1, 3, 1
Violations: 0
Best fitness: -4.550966535414795E7
22, 0
Best particle: 2, 1, 2, 1, 2, 3, 2, 3, 2, 2, 3, 3, 2, 3, 1, 2, 0, 2, 0, 3, 2, 3, 0, 3, 2, 2, 1, 2, 2, 2, 2, 2, 2, 3, 1, 2, 1, 1, 1, 2, 1, 3, 0, 1, 1, 2, 2, 1, 1, 2, 3, 3, 1, 2, 3, 2, 1, 3, 2, 3, 2, 1, 1, 2, 3, 3, 3, 3, 2, 2, 1, 1, 2
Violations: 0
Best fitness: -2.7879474724723995E7
23, 0
Best particle: 3, 1, 2, 3, 3, 1, 1, 2, 3, 2, 3, 1, 2, 0, 1, 2, 3, 3, 2, 0, 2, 3, 1, 3, 2, 1, 2, 1, 2, 3, 3, 3, 3, 1, 3, 2, 2, 1, 2, 2, 0, 3, 2, 2, 1, 1, 2, 2, 1, 2, 0, 3, 1, 3, 2, 3, 1, 1, 0, 2, 2, 1, 1, 3, 3, 3, 2, 3, 3, 1, 1, 3, 1
Violations: 0
Best fitness: -3.5002372273361966E7
24, 0
Best particle: 3, 2, 3, 2, 3, 0, 2, 0, 3, 2, 1, 1, 0, 2, 1, 0, 3, 3, 0, 2, 2, 3, 2, 3, 2, 1, 2, 1, 1, 3, 3, 3, 3, 2, 3, 1, 2, 1, 2, 0, 1, 3, 0, 2, 1, 1, 1, 1, 3, 2, 3, 3, 2, 3, 0, 3, 1, 1, 3, 2, 1, 1, 3, 1, 2, 1, 3, 2, 3, 1, 1, 1, 2
Violations: 0
Best fitness: -3.474423884233304E7
25, 0
Best particle: 3, 2, 1, 3, 3, 1, 3, 2, 1, 3, 1, 1, 3, 2, 1, 0, 3, 3, 0, 3, 3, 2, 1, 1, 3, 3, 2, 1, 2, 3, 0, 3, 2, 1, 3, 2, 1, 2, 2, 3, 2, 2, 3, 1, 1, 1, 3, 2, 2, 2, 2, 3, 3, 2, 3, 1, 1, 2, 2, 2, 2, 3, 1, 1, 3, 3, 1, 3, 3, 1, 1, 2, 2
Violations: 0
Best fitness: -3.870589953579799E7
26, 0
Best particle: 1, 1, 3, 2, 2, 0, 2, 3, 1, 3, 2, 1, 0, 0, 1, 3, 3, 3, 3, 0, 3, 2, 2, 1, 3, 1, 3, 1, 1, 3, 3, 1, 2, 3, 3, 1, 1, 1, 2, 2, 1, 3, 2, 2, 2, 1, 1, 2, 1, 2, 3, 3, 1, 2, 0, 3, 1, 1, 3, 2, 3, 1, 1, 1, 2, 3, 3, 1, 2, 2, 1, 1, 1
Violations: 0
Best fitness: -4.242183768204304E7
27, 0
Best particle: 2, 1, 3, 2, 0, 3, 2, 3, 2, 3, 1, 3, 2, 3, 1, 0, 0, 2, 0, 2, 2, 3, 1, 3, 2, 3, 2, 3, 1, 2, 2, 2, 2, 3, 3, 1, 1, 1, 2, 3, 0, 2, 3, 1, 1, 1, 1, 1, 2, 2, 3, 3, 2, 3, 3, 3, 1, 1, 2, 2, 2, 1, 1, 3, 1, 3, 3, 2, 2, 1, 1, 1, 1
Violations: 0
Best fitness: -1.7348668833875988E7
28, 0
Best particle: 1, 2, 1, 2, 2, 3, 2, 2, 3, 2, 1, 3, 3, 0, 3, 1, 1, 2, 0, 2, 2, 3, 3, 1, 2, 2, 1, 2, 1, 3, 1, 2, 2, 3, 2, 3, 2, 2, 1, 3, 2, 0, 3, 1, 1, 1, 1, 2, 3, 2, 1, 3, 2, 3, 0, 3, 1, 2, 3, 2, 2, 1, 1, 3, 3, 3, 3, 2, 3, 1, 1, 1, 1
Violations: 0
Best fitness: -3.2513202664320976E7
29, 0
Best particle: 1, 2, 1, 2, 2, 3, 1, 0, 3, 2, 1, 1, 3, 1, 3, 1, 2, 2, 0, 2, 2, 3, 3, 3, 2, 3, 3, 1, 1, 3, 2, 3, 2, 3, 2, 3, 1, 1, 2, 3, 0, 0, 3, 1, 2, 2, 1, 2, 3, 1, 1, 2, 2, 3, 1, 3, 1, 1, 3, 1, 1, 2, 0, 2, 3, 3, 3, 2, 2, 1, 1, 2, 1
Violations: 0
Best fitness: -1.9956120198514003E7
30, 0
Best particle: 1, 1, 2, 1, 1, 3, 2, 2, 3, 3, 1, 2, 3, 2, 3, 1, 2, 0, 0, 2, 3, 2, 2, 2, 3, 3, 3, 1, 1, 3, 0, 1, 1, 3, 3, 1, 2, 1, 2, 3, 3, 2, 2, 1, 1, 1, 2, 2, 2, 1, 1, 3, 2, 3, 1, 2, 1, 1, 3, 1, 3, 3, 2, 2, 2, 2, 3, 2, 3, 1, 1, 1, 1
Violations: 0
Best fitness: -2.210619089552299E7
31, 0
Best particle: 1, 2, 1, 2, 0, 3, 1, 1, 3, 2, 3, 2, 2, 3, 2, 3, 0, 0, 2, 0, 3, 2, 2, 1, 3, 2, 1, 2, 2, 2, 0, 2, 2, 3, 1, 2, 1, 1, 1, 2, 3, 3, 2, 1, 1, 1, 2, 2, 1, 1, 3, 2, 1, 3, 1, 1, 3, 3, 2, 2, 2, 3, 1, 1, 3, 3, 3, 3, 3, 2, 2, 2, 2
Violations: 0
Best fitness: -3.358760606385404E7
32, 0
Best particle: 0, 2, 1, 2, 3, 2, 1, 2, 3, 1, 2, 1, 3, 1, 2, 1, 3, 3, 0, 3, 2, 3, 2, 3, 1, 2, 2, 1, 1, 3, 3, 3, 3, 2, 2, 1, 2, 1, 1, 2, 0, 3, 2, 1, 2, 2, 1, 1, 3, 1, 1, 2, 3, 1, 1, 3, 1, 1, 3, 1, 2, 2, 3, 3, 3, 3, 3, 3, 3, 1, 1, 2, 2
Violations: 0
Best fitness: -2.4322529669249065E7
33, 0
Best particle: 0, 2, 1, 2, 3, 2, 2, 2, 3, 3, 2, 1, 1, 3, 2, 3, 1, 0, 3, 1, 2, 3, 0, 3, 1, 1, 2, 1, 1, 2, 1, 2, 1, 2, 3, 1, 1, 2, 2, 2, 2, 3, 3, 2, 1, 1, 3, 1, 1, 3, 3, 2, 1, 2, 3, 3, 3, 1, 1, 2, 1, 1, 2, 3, 3, 3, 3, 2, 3, 1, 1, 1, 1
Violations: 0
Best fitness: -2.2062864436520044E7
34, 0
Best particle: 1, 2, 1, 3, 2, 3, 2, 3, 2, 3, 1, 1, 3, 2, 1, 3, 0, 3, 3, 0, 2, 3, 1, 3, 2, 2, 3, 2, 2, 3, 3, 1, 2, 3, 1, 2, 1, 1, 1, 1, 0, 3, 2, 1, 1, 1, 1, 2, 2, 2, 2, 2, 3, 2, 2, 3, 3, 1, 1, 2, 2, 1, 1, 3, 3, 3, 1, 2, 2, 1, 1, 3, 2
Violations: 0
Best fitness: -1.992088608480098E7
35, 0
Best particle: 2, 1, 3, 1, 2, 3, 1, 0, 3, 3, 1, 3, 3, 3, 0, 1, 2, 2, 0, 3, 3, 2, 0, 1, 3, 3, 1, 2, 1, 2, 1, 2, 2, 3, 2, 3, 1, 2, 2, 1, 3, 2, 0, 1, 1, 1, 2, 1, 2, 1, 2, 3, 3, 2, 2, 2, 2, 1, 1, 3, 2, 1, 1, 2, 3, 3, 3, 3, 1, 2, 3, 2, 1
Violations: 0
Best fitness: -3.768650082238199E7
36, 0
Best particle: 1, 1, 2, 1, 3, 0, 2, 3, 2, 3, 2, 2, 1, 2, 1, 2, 3, 3, 0, 3, 2, 3, 1, 3, 1, 3, 1, 2, 1, 3, 3, 3, 3, 2, 3, 2, 2, 1, 2, 3, 2, 0, 0, 1, 1, 1, 1, 3, 1, 2, 3, 3, 1, 2, 0, 1, 1, 2, 3, 3, 1, 2, 2, 2, 3, 3, 3, 2, 2, 3, 1, 1, 2
Violations: 0
Best fitness: -2.864614669667795E7
37, 0
Best particle: 0, 2, 1, 2, 1, 3, 2, 3, 2, 3, 1, 3, 0, 2, 3, 1, 1, 0, 3, 2, 2, 3, 2, 1, 2, 3, 2, 3, 1, 3, 0, 1, 2, 3, 2, 3, 1, 1, 2, 3, 3, 1, 2, 2, 1, 1, 1, 1, 2, 2, 2, 3, 3, 1, 1, 2, 1, 3, 3, 1, 2, 3, 1, 3, 3, 3, 3, 2, 1, 3, 2, 1, 1
Violations: 0
Best fitness: -3.142870849556907E7
38, 0
Best particle: 1, 2, 1, 2, 2, 3, 2, 0, 3, 3, 2, 3, 3, 2, 3, 0, 1, 1, 0, 2, 0, 3, 3, 1, 2, 3, 1, 2, 2, 3, 0, 3, 2, 3, 1, 2, 1, 2, 1, 3, 2, 1, 3, 2, 1, 1, 1, 2, 1, 2, 2, 3, 1, 3, 1, 3, 1, 1, 3, 1, 2, 2, 1, 3, 3, 3, 0, 2, 3, 1, 2, 3, 1
Violations: 0
Best fitness: -3.912036291812899E7
39, 0
Best particle: 3, 2, 1, 3, 3, 2, 3, 3, 2, 1, 2, 2, 1, 3, 2, 1, 3, 0, 1, 3, 2, 3, 0, 1, 2, 3, 1, 2, 1, 2, 1, 1, 3, 2, 3, 2, 1, 2, 2, 3, 2, 0, 3, 1, 1, 1, 1, 1, 3, 1, 3, 2, 1, 2, 3, 3, 3, 1, 2, 1, 2, 2, 1, 3, 3, 1, 1, 3, 1, 1, 2, 2, 2
Violations: 0
Best fitness: -4.080715871030709E7
40, 0
Best particle: 3, 1, 2, 1, 0, 1, 1, 2, 3, 1, 2, 2, 0, 2, 1, 0, 3, 3, 0, 2, 0, 2, 1, 1, 3, 3, 3, 2, 2, 3, 3, 3, 2, 1, 3, 2, 1, 1, 1, 3, 0, 2, 2, 1, 1, 1, 2, 2, 3, 2, 3, 3, 1, 3, 2, 2, 1, 3, 0, 3, 2, 1, 1, 2, 3, 3, 3, 3, 3, 1, 1, 2, 1
Violations: 0
Best fitness: -2.3532884549701978E7
41, 0
Best particle: 3, 1, 3, 2, 3, 2, 2, 3, 2, 3, 1, 1, 2, 0, 2, 3, 3, 3, 3, 0, 2, 3, 0, 3, 1, 3, 2, 1, 1, 1, 3, 3, 1, 2, 3, 1, 2, 2, 2, 3, 2, 2, 1, 1, 2, 1, 3, 1, 2, 1, 3, 2, 2, 1, 1, 3, 3, 1, 2, 1, 2, 2, 3, 2, 3, 3, 3, 2, 2, 1, 1, 1, 1
Violations: 0
Best fitness: -3.0017499918146044E7
42, 0
Best particle: 2, 2, 1, 2, 2, 3, 2, 2, 3, 2, 1, 1, 2, 0, 3, 2, 1, 2, 2, 0, 3, 2, 0, 2, 3, 1, 3, 1, 1, 3, 2, 3, 1, 3, 2, 1, 2, 1, 2, 2, 3, 3, 0, 2, 1, 1, 1, 1, 3, 2, 3, 1, 2, 3, 1, 2, 2, 1, 3, 3, 1, 1, 2, 1, 3, 3, 3, 2, 3, 1, 1, 1, 1
Violations: 0
Best fitness: -2.0986730008664E7
43, 0
Best particle: 1, 1, 3, 2, 2, 3, 2, 0, 2, 2, 3, 3, 2, 3, 0, 2, 1, 2, 2, 3, 3, 2, 3, 1, 3, 2, 1, 2, 1, 1, 2, 2, 2, 3, 2, 1, 2, 3, 1, 2, 0, 3, 1, 1, 2, 1, 2, 2, 1, 2, 3, 0, 1, 0, 1, 3, 1, 2, 3, 2, 2, 1, 1, 3, 3, 3, 3, 1, 2, 2, 3, 1, 1
Violations: 0
Best fitness: -4.0932639239701025E7
44, 0
Best particle: 2, 2, 1, 2, 1, 3, 2, 3, 2, 1, 2, 2, 0, 1, 3, 1, 1, 0, 1, 2, 3, 2, 3, 2, 3, 2, 3, 1, 1, 3, 2, 3, 2, 3, 3, 1, 1, 1, 1, 2, 0, 3, 3, 1, 2, 2, 1, 1, 3, 2, 3, 3, 1, 3, 1, 3, 1, 2, 3, 1, 1, 2, 2, 3, 3, 1, 3, 3, 1, 1, 2, 1, 2
Violations: 0
Best fitness: -2.459722160099002E7
45, 0
Best particle: 1, 1, 2, 3, 2, 3, 3, 2, 3, 1, 2, 1, 1, 3, 0, 1, 1, 2, 1, 2, 3, 2, 0, 2, 3, 3, 3, 1, 1, 2, 2, 2, 2, 3, 3, 1, 1, 1, 1, 3, 3, 2, 0, 1, 1, 1, 1, 2, 3, 2, 3, 1, 1, 3, 1, 2, 2, 3, 3, 3, 1, 1, 0, 1, 3, 3, 2, 1, 3, 2, 1, 1, 1
Violations: 0
Best fitness: -3.020483443492402E7
46, 0
Best particle: 2, 3, 2, 3, 2, 3, 3, 2, 3, 0, 2, 1, 0, 1, 3, 2, 2, 2, 0, 1, 2, 3, 0, 3, 2, 2, 3, 2, 1, 3, 2, 3, 2, 3, 2, 1, 2, 3, 1, 2, 3, 3, 1, 1, 2, 2, 1, 1, 1, 1, 3, 3, 1, 3, 1, 1, 1, 2, 3, 3, 2, 2, 3, 2, 3, 2, 2, 2, 3, 3, 1, 1, 3
Violations: 0
Best fitness: -2.480143896138502E7
47, 0
Best particle: 2, 1, 2, 1, 1, 3, 2, 3, 2, 1, 2, 2, 3, 0, 3, 1, 1, 1, 0, 2, 3, 2, 3, 2, 1, 2, 3, 1, 1, 3, 2, 2, 2, 3, 3, 1, 2, 1, 1, 2, 0, 3, 3, 1, 1, 1, 2, 1, 3, 2, 2, 3, 1, 3, 1, 3, 1, 1, 3, 2, 3, 1, 2, 1, 1, 3, 3, 2, 2, 1, 1, 1, 1
Violations: 0
Best fitness: -2.4395911172045067E7
48, 0
Best particle: 3, 1, 2, 1, 3, 1, 2, 1, 3, 3, 1, 2, 3, 3, 1, 3, 2, 0, 3, 2, 3, 2, 3, 2, 3, 3, 1, 2, 2, 2, 2, 1, 3, 1, 3, 1, 3, 1, 1, 3, 1, 0, 3, 1, 1, 1, 2, 2, 2, 3, 1, 1, 3, 1, 0, 3, 2, 1, 3, 2, 1, 1, 2, 3, 3, 3, 3, 1, 2, 3, 3, 1, 2
Violations: 0
Best fitness: -3.932015278460099E7
49, 0
Best particle: 3, 2, 3, 2, 1, 2, 2, 0, 3, 3, 2, 2, 1, 2, 0, 2, 3, 3, 0, 3, 2, 3, 1, 3, 2, 3, 3, 2, 1, 3, 3, 3, 3, 2, 3, 2, 2, 1, 2, 0, 0, 2, 2, 1, 1, 1, 1, 1, 1, 1, 3, 3, 1, 2, 2, 1, 1, 2, 0, 3, 1, 2, 3, 2, 2, 3, 3, 2, 3, 3, 2, 1, 2
Violations: 0
Best fitness: -3.0844209239138957E7
50, 0
Best particle: 3, 1, 2, 1, 2, 1, 2, 0, 3, 2, 1, 1, 2, 2, 3, 2, 0, 0, 2, 0, 2, 3, 1, 3, 1, 2, 3, 2, 2, 3, 0, 3, 2, 1, 3, 2, 1, 1, 1, 2, 3, 3, 2, 1, 1, 1, 2, 2, 3, 2, 3, 3, 2, 3, 2, 2, 2, 3, 3, 3, 1, 1, 2, 1, 3, 3, 3, 3, 3, 2, 2, 1, 1
Violations: 0
Best fitness: -1.8650100911385022E7
51, 0
Best particle: 1, 1, 2, 1, 1, 3, 2, 0, 3, 2, 3, 3, 2, 3, 0, 2, 2, 2, 0, 3, 3, 2, 0, 2, 3, 3, 2, 1, 1, 2, 2, 2, 1, 3, 2, 3, 1, 3, 2, 3, 3, 2, 1, 1, 1, 1, 1, 2, 1, 1, 0, 1, 1, 2, 1, 2, 2, 1, 3, 3, 1, 1, 2, 1, 2, 3, 3, 2, 3, 1, 1, 1, 1
Violations: 0
Best fitness: -3.919139113692502E7
52, 0
Best particle: 1, 3, 1, 3, 2, 0, 3, 3, 2, 3, 1, 1, 3, 2, 1, 0, 3, 3, 3, 2, 2, 3, 1, 3, 2, 1, 3, 1, 1, 3, 3, 3, 1, 3, 2, 1, 1, 1, 2, 2, 2, 3, 0, 2, 1, 1, 1, 2, 2, 2, 1, 2, 2, 1, 0, 3, 3, 1, 2, 1, 2, 2, 1, 3, 3, 2, 2, 1, 1, 3, 2, 1, 1
Violations: 0
Best fitness: -3.771737487564499E7
53, 0
Best particle: 0, 1, 2, 1, 1, 3, 2, 3, 2, 3, 2, 2, 1, 1, 3, 2, 2, 0, 3, 1, 3, 2, 1, 1, 3, 3, 3, 1, 2, 3, 0, 3, 2, 3, 3, 2, 1, 1, 1, 3, 3, 2, 2, 1, 2, 2, 1, 1, 1, 1, 3, 3, 1, 2, 2, 1, 1, 2, 3, 2, 2, 3, 1, 1, 3, 3, 3, 3, 1, 1, 2, 1, 1
Violations: 0
Best fitness: -2.888232850623999E7
54, 0
Best particle: 1, 1, 2, 3, 0, 3, 1, 2, 0, 1, 3, 2, 2, 3, 2, 1, 0, 1, 1, 3, 2, 3, 2, 3, 1, 3, 1, 2, 1, 2, 1, 2, 1, 3, 3, 1, 1, 2, 1, 3, 0, 2, 3, 1, 1, 1, 2, 2, 2, 1, 3, 1, 1, 2, 3, 3, 2, 2, 1, 2, 1, 1, 2, 3, 3, 3, 2, 2, 3, 1, 1, 3, 1
Violations: 0
Best fitness: -2.6576721840930067E7
55, 0
Best particle: 0, 1, 3, 2, 0, 1, 1, 0, 3, 1, 2, 2, 1, 0, 1, 0, 3, 3, 1, 2, 2, 3, 1, 1, 2, 2, 3, 1, 1, 3, 3, 3, 2, 3, 2, 1, 1, 1, 1, 2, 0, 0, 2, 1, 1, 1, 1, 2, 3, 2, 3, 3, 1, 3, 2, 3, 1, 2, 0, 1, 2, 2, 1, 3, 3, 3, 3, 2, 3, 1, 1, 2, 2
Violations: 0
Best fitness: -3.0015661339793034E7
56, 0
Best particle: 2, 1, 2, 3, 2, 3, 1, 3, 2, 3, 1, 3, 3, 1, 0, 1, 2, 2, 0, 2, 2, 3, 1, 3, 2, 3, 1, 2, 1, 3, 3, 3, 2, 3, 3, 2, 1, 1, 2, 3, 0, 2, 2, 1, 2, 2, 1, 1, 2, 1, 1, 3, 2, 1, 2, 3, 1, 1, 3, 1, 2, 2, 3, 2, 3, 3, 2, 3, 2, 1, 1, 3, 1
Violations: 0
Best fitness: -3.6092380067371E7
57, 0
Best particle: 1, 1, 2, 1, 1, 3, 2, 1, 2, 2, 1, 2, 2, 1, 0, 1, 2, 3, 0, 2, 3, 2, 1, 2, 3, 3, 3, 2, 1, 3, 3, 2, 1, 3, 2, 1, 1, 2, 1, 3, 0, 0, 1, 1, 2, 2, 1, 2, 3, 1, 3, 3, 2, 3, 2, 3, 1, 1, 3, 2, 1, 1, 2, 3, 3, 3, 3, 3, 3, 1, 2, 1, 1
Violations: 0
Best fitness: -3.079067653637206E7
58, 0
Best particle: 2, 1, 3, 1, 1, 3, 2, 0, 3, 3, 2, 2, 3, 0, 3, 2, 1, 1, 3, 0, 2, 3, 3, 3, 1, 2, 3, 2, 1, 3, 2, 2, 2, 3, 3, 2, 2, 1, 1, 2, 0, 3, 3, 1, 1, 1, 2, 1, 1, 2, 2, 3, 1, 2, 1, 3, 2, 1, 3, 1, 1, 2, 2, 3, 3, 2, 3, 2, 3, 1, 2, 1, 3
Violations: 0
Best fitness: -1.966716553998606E7
59, 0
Best particle: 2, 3, 2, 3, 1, 3, 1, 1, 3, 2, 1, 2, 2, 3, 2, 1, 0, 1, 2, 3, 3, 2, 0, 2, 3, 1, 3, 1, 1, 2, 1, 2, 2, 3, 3, 1, 1, 2, 2, 2, 2, 3, 0, 2, 1, 1, 1, 1, 3, 1, 3, 3, 2, 1, 3, 1, 1, 2, 2, 3, 1, 2, 2, 2, 3, 2, 2, 3, 3, 2, 2, 3, 3
Violations: 0
Best fitness: -2.7001898363832004E7
60, 0
Best particle: 0, 2, 1, 2, 1, 2, 2, 0, 3, 3, 1, 2, 3, 3, 2, 1, 3, 0, 3, 0, 3, 2, 2, 1, 3, 3, 3, 1, 1, 2, 1, 2, 2, 3, 3, 2, 3, 2, 1, 3, 0, 0, 3, 1, 1, 1, 1, 1, 2, 1, 1, 3, 3, 2, 3, 3, 2, 1, 1, 1, 2, 2, 1, 3, 3, 3, 3, 3, 2, 1, 1, 1, 2
Violations: 0
Best fitness: -1.941082396373901E7
61, 0
Best particle: 2, 2, 1, 2, 3, 1, 1, 0, 3, 2, 3, 2, 2, 2, 1, 3, 2, 0, 0, 2, 3, 2, 1, 2, 3, 3, 1, 2, 2, 1, 3, 1, 2, 1, 1, 3, 2, 2, 2, 3, 2, 2, 1, 1, 3, 1, 2, 3, 1, 3, 3, 1, 1, 3, 0, 3, 2, 2, 3, 2, 1, 1, 2, 3, 3, 1, 3, 2, 3, 1, 2, 2, 2
Violations: 0
Best fitness: -5.794896966788101E7
62, 0
Best particle: 2, 1, 2, 1, 2, 3, 2, 2, 3, 2, 1, 3, 0, 2, 3, 1, 1, 1, 0, 2, 2, 3, 0, 1, 2, 1, 1, 2, 1, 3, 1, 1, 1, 3, 2, 1, 2, 2, 2, 2, 3, 3, 0, 2, 1, 1, 1, 1, 3, 2, 3, 3, 2, 3, 2, 2, 1, 1, 0, 3, 2, 1, 1, 1, 3, 3, 3, 2, 3, 3, 1, 1, 2
Violations: 0
Best fitness: -2.3709146407246E7
63, 0
Best particle: 2, 1, 2, 1, 3, 0, 1, 2, 3, 1, 2, 1, 3, 0, 1, 2, 2, 3, 0, 3, 2, 3, 1, 3, 2, 2, 2, 1, 2, 2, 3, 3, 2, 1, 3, 1, 1, 1, 1, 2, 0, 3, 2, 1, 1, 2, 2, 3, 3, 3, 2, 3, 1, 2, 2, 3, 1, 1, 3, 2, 2, 1, 3, 3, 3, 3, 3, 3, 3, 1, 1, 2, 1
Violations: 0
Best fitness: -3.5673123764281996E7
64, 0
Best particle: 3, 1, 3, 1, 3, 2, 2, 0, 3, 0, 2, 1, 1, 0, 2, 3, 3, 3, 3, 1, 3, 2, 0, 1, 3, 1, 2, 1, 1, 3, 3, 2, 3, 2, 2, 3, 1, 2, 2, 2, 2, 3, 1, 2, 1, 1, 3, 1, 1, 1, 3, 2, 1, 2, 1, 1, 3, 2, 2, 3, 2, 2, 1, 2, 3, 3, 3, 1, 3, 2, 1, 1, 1
Violations: 0
Best fitness: -3.757772271773004E7
65, 0
Best particle: 0, 2, 1, 2, 2, 3, 1, 1, 3, 1, 3, 1, 2, 2, 3, 1, 0, 0, 0, 2, 3, 2, 0, 1, 3, 2, 3, 2, 2, 3, 1, 1, 2, 1, 1, 2, 2, 3, 1, 2, 3, 3, 2, 1, 1, 1, 2, 2, 2, 1, 3, 2, 2, 1, 2, 2, 3, 1, 1, 1, 3, 3, 2, 3, 2, 3, 3, 2, 2, 1, 3, 2, 2
Violations: 0
Best fitness: -3.6823646376658976E7
66, 0
Best particle: 1, 2, 1, 2, 2, 0, 2, 1, 3, 3, 1, 1, 3, 2, 1, 3, 2, 3, 3, 2, 0, 3, 1, 2, 1, 3, 3, 2, 2, 3, 3, 3, 2, 3, 3, 2, 2, 1, 2, 3, 0, 2, 2, 1, 1, 1, 1, 2, 2, 3, 1, 3, 2, 0, 2, 2, 1, 1, 3, 1, 1, 3, 2, 0, 3, 3, 3, 2, 2, 1, 3, 1, 2
Violations: 0
Best fitness: -1.423439111456096E7
67, 0
Best particle: 3, 1, 3, 2, 3, 0, 2, 2, 3, 3, 2, 1, 1, 2, 1, 2, 2, 3, 0, 3, 2, 3, 3, 3, 2, 3, 2, 3, 1, 3, 0, 3, 1, 2, 3, 1, 2, 2, 1, 3, 1, 1, 3, 2, 1, 1, 3, 1, 1, 3, 3, 3, 1, 2, 2, 2, 2, 3, 3, 3, 2, 1, 3, 2, 1, 3, 3, 3, 3, 1, 1, 1, 1
Violations: 0
Best fitness: -3.2041581869570985E7
68, 0
Best particle: 2, 2, 1, 2, 1, 3, 2, 2, 3, 3, 1, 2, 3, 2, 0, 3, 2, 3, 3, 2, 2, 3, 1, 3, 2, 3, 3, 1, 1, 3, 3, 1, 2, 3, 3, 2, 1, 1, 1, 2, 0, 0, 2, 1, 1, 1, 2, 1, 2, 1, 1, 1, 2, 1, 2, 3, 2, 1, 3, 1, 2, 2, 1, 2, 3, 3, 3, 1, 3, 2, 1, 1, 2
Violations: 0
Best fitness: -2.0944316213020988E7
69, 0
Best particle: 1, 2, 1, 2, 1, 2, 2, 2, 3, 2, 1, 2, 2, 3, 2, 1, 3, 0, 2, 0, 3, 2, 2, 2, 3, 1, 3, 1, 1, 2, 0, 2, 3, 2, 3, 1, 1, 1, 2, 2, 3, 3, 2, 2, 1, 1, 1, 3, 3, 1, 3, 3, 2, 3, 1, 2, 1, 1, 3, 3, 1, 1, 2, 2, 3, 3, 3, 2, 3, 1, 1, 1, 1
Violations: 0
Best fitness: -2.658777736609402E7
70, 0
Best particle: 2, 2, 1, 2, 3, 1, 1, 3, 2, 2, 1, 2, 2, 3, 1, 2, 2, 0, 2, 3, 2, 3, 1, 3, 2, 3, 1, 2, 3, 1, 2, 2, 2, 1, 1, 3, 2, 1, 2, 3, 0, 0, 3, 1, 2, 1, 2, 3, 3, 3, 3, 3, 2, 1, 3, 2, 1, 3, 2, 3, 2, 1, 1, 2, 3, 3, 3, 3, 2, 1, 1, 2, 1
Violations: 0
Best fitness: -3.2595301603816967E7
71, 0
Best particle: 0, 1, 2, 3, 0, 2, 3, 3, 2, 2, 1, 1, 2, 2, 1, 0, 0, 0, 2, 3, 1, 3, 1, 3, 1, 2, 3, 1, 2, 3, 3, 3, 2, 3, 3, 2, 1, 1, 1, 2, 0, 0, 2, 1, 1, 1, 2, 1, 3, 3, 3, 1, 2, 1, 2, 3, 2, 1, 3, 2, 2, 1, 3, 3, 3, 2, 2, 2, 2, 3, 1, 1, 1
Violations: 0
Best fitness: -2.0254903851274066E7
72, 0
Best particle: 2, 2, 1, 2, 1, 3, 1, 3, 2, 3, 1, 2, 3, 1, 2, 3, 0, 3, 3, 0, 2, 3, 2, 3, 1, 3, 3, 1, 2, 3, 3, 3, 2, 3, 1, 2, 2, 1, 2, 3, 0, 2, 2, 1, 2, 2, 1, 1, 2, 1, 1, 3, 3, 2, 1, 3, 1, 1, 3, 1, 1, 2, 2, 3, 3, 3, 3, 2, 2, 3, 1, 2, 2
Violations: 0
Best fitness: -2.0163935604496002E7
73, 0
Best particle: 2, 1, 2, 1, 2, 3, 2, 2, 3, 3, 1, 1, 3, 2, 1, 3, 0, 3, 3, 2, 2, 3, 1, 3, 1, 2, 3, 1, 1, 1, 3, 3, 2, 3, 3, 2, 3, 2, 1, 2, 0, 3, 1, 1, 3, 1, 1, 1, 2, 2, 1, 3, 2, 1, 2, 2, 2, 3, 3, 1, 2, 3, 3, 3, 3, 3, 3, 3, 3, 2, 1, 1, 2
Violations: 0
Best fitness: -1.5468327046388984E7
74, 0
Best particle: 2, 1, 2, 3, 2, 0, 1, 2, 3, 2, 3, 1, 2, 3, 1, 3, 3, 2, 2, 0, 2, 3, 1, 1, 2, 3, 3, 2, 1, 2, 0, 2, 2, 3, 2, 1, 1, 2, 2, 3, 2, 1, 3, 2, 1, 1, 2, 1, 1, 2, 3, 3, 1, 3, 3, 3, 1, 2, 2, 2, 2, 1, 1, 3, 3, 3, 2, 3, 3, 1, 1, 3, 1
Violations: 0
Best fitness: -3.2407952905697998E7
75, 0
Best particle: 2, 1, 2, 1, 1, 3, 2, 3, 2, 2, 3, 2, 2, 2, 3, 2, 1, 1, 2, 0, 2, 3, 1, 3, 1, 2, 3, 1, 1, 3, 0, 3, 2, 3, 2, 1, 1, 1, 1, 2, 3, 3, 2, 1, 1, 1, 1, 1, 1, 2, 3, 3, 1, 3, 2, 1, 2, 3, 3, 2, 2, 3, 3, 1, 3, 3, 3, 1, 1, 2, 2, 1, 1
Violations: 0
Best fitness: -2.1637798132811047E7
76, 0
Best particle: 1, 1, 3, 2, 0, 3, 2, 3, 2, 3, 2, 1, 3, 0, 3, 0, 1, 2, 3, 2, 2, 3, 3, 3, 2, 3, 2, 1, 1, 3, 2, 2, 2, 3, 2, 3, 1, 3, 1, 3, 0, 0, 1, 1, 1, 1, 2, 2, 1, 2, 2, 3, 3, 1, 1, 3, 1, 2, 3, 1, 2, 2, 1, 2, 3, 3, 3, 2, 2, 1, 1, 1, 1
Violations: 0
Best fitness: -2.3062829392993987E7
77, 0
Best particle: 0, 2, 1, 2, 0, 1, 2, 2, 3, 3, 2, 2, 3, 3, 1, 2, 3, 0, 0, 3, 3, 0, 1, 1, 2, 3, 1, 2, 2, 2, 2, 2, 1, 3, 1, 3, 1, 3, 1, 0, 0, 2, 1, 1, 1, 1, 1, 2, 1, 2, 2, 2, 1, 2, 3, 3, 3, 1, 2, 2, 2, 1, 1, 3, 3, 3, 3, 1, 3, 2, 1, 1, 1
Violations: 0
Best fitness: -3.1601227321729045E7
78, 0
Best particle: 2, 1, 2, 1, 3, 1, 1, 0, 3, 2, 1, 2, 2, 2, 1, 2, 2, 3, 2, 3, 2, 3, 1, 3, 2, 2, 1, 2, 2, 0, 3, 1, 2, 1, 1, 2, 2, 1, 1, 2, 0, 3, 2, 1, 1, 1, 2, 3, 3, 3, 3, 2, 2, 1, 2, 2, 3, 1, 1, 1, 2, 3, 1, 2, 3, 3, 3, 2, 3, 1, 2, 2, 2
Violations: 0
Best fitness: -4.747209027680096E7
79, 0
Best particle: 2, 2, 1, 2, 0, 3, 2, 2, 3, 1, 2, 3, 0, 3, 1, 2, 0, 2, 1, 0, 2, 3, 1, 3, 2, 2, 1, 2, 1, 1, 0, 1, 2, 3, 2, 3, 2, 1, 1, 2, 2, 3, 3, 1, 2, 1, 1, 1, 3, 2, 3, 3, 1, 3, 3, 3, 2, 1, 1, 1, 2, 2, 1, 3, 3, 3, 3, 2, 3, 1, 1, 1, 1
Violations: 0
Best fitness: -3.7576683107662074E7
80, 0
Best particle: 1, 2, 1, 2, 2, 3, 1, 3, 2, 3, 2, 3, 3, 2, 3, 2, 2, 0, 3, 0, 1, 3, 2, 3, 1, 2, 1, 2, 1, 3, 0, 1, 2, 3, 3, 2, 1, 2, 1, 3, 3, 0, 1, 1, 1, 1, 1, 2, 1, 1, 2, 3, 1, 2, 1, 1, 2, 2, 3, 3, 2, 2, 3, 2, 3, 3, 3, 3, 2, 1, 1, 2, 2
Violations: 0
Best fitness: -2.4019119509107992E7
81, 0
Best particle: 1, 1, 2, 1, 0, 3, 1, 3, 2, 1, 2, 2, 0, 2, 3, 1, 0, 1, 1, 2, 2, 3, 3, 3, 1, 3, 1, 2, 1, 1, 1, 3, 1, 3, 3, 1, 2, 2, 1, 3, 0, 2, 3, 1, 3, 1, 2, 2, 3, 1, 3, 1, 1, 3, 2, 3, 2, 1, 3, 1, 1, 2, 2, 3, 3, 3, 3, 1, 2, 2, 1, 2, 2
Violations: 0
Best fitness: -2.8955011620844003E7
82, 0
Best particle: 0, 1, 2, 1, 2, 3, 2, 1, 3, 2, 3, 1, 2, 2, 1, 3, 0, 3, 2, 0, 2, 3, 1, 3, 2, 1, 3, 2, 1, 3, 0, 1, 2, 3, 2, 1, 1, 1, 2, 3, 3, 0, 2, 2, 1, 1, 1, 1, 1, 2, 3, 3, 2, 3, 2, 2, 1, 1, 3, 3, 2, 1, 1, 2, 3, 3, 3, 3, 3, 2, 2, 1, 2
Violations: 0
Best fitness: -2.990146661588902E7
83, 0
Best particle: 2, 1, 2, 1, 0, 3, 2, 2, 3, 3, 1, 1, 2, 1, 3, 1, 2, 2, 3, 2, 2, 3, 3, 3, 1, 3, 2, 1, 1, 3, 2, 3, 2, 3, 3, 1, 1, 1, 2, 3, 0, 0, 3, 1, 2, 2, 2, 1, 2, 1, 3, 3, 2, 1, 1, 3, 1, 1, 3, 1, 2, 2, 3, 2, 3, 3, 3, 2, 3, 1, 1, 1, 1
Violations: 0
Best fitness: -1.6029534322833046E7
84, 0
Best particle: 2, 1, 2, 1, 1, 3, 2, 0, 3, 2, 1, 3, 2, 3, 2, 1, 0, 0, 2, 3, 3, 1, 2, 1, 2, 2, 2, 3, 1, 2, 0, 2, 2, 3, 3, 2, 3, 3, 1, 2, 3, 3, 2, 1, 1, 1, 1, 1, 3, 1, 3, 3, 2, 1, 1, 1, 2, 2, 3, 3, 2, 2, 1, 2, 3, 3, 3, 2, 2, 1, 3, 1, 1
Violations: 0
Best fitness: -2.7504862478396986E7
85, 0
Best particle: 3, 1, 3, 2, 3, 0, 2, 1, 3, 3, 2, 1, 3, 0, 2, 3, 3, 3, 3, 1, 2, 3, 0, 3, 2, 1, 2, 3, 2, 2, 3, 3, 3, 1, 3, 2, 3, 1, 2, 2, 2, 3, 0, 2, 3, 1, 3, 2, 1, 1, 2, 3, 1, 2, 1, 1, 1, 3, 3, 3, 2, 2, 1, 2, 3, 3, 3, 3, 2, 1, 3, 1, 1
Violations: 0
Best fitness: -3.589930394194402E7
86, 0
Best particle: 2, 2, 1, 2, 2, 0, 1, 3, 2, 3, 1, 3, 3, 0, 1, 3, 3, 2, 3, 0, 2, 3, 1, 3, 0, 2, 1, 2, 2, 3, 3, 3, 2, 3, 1, 2, 1, 2, 1, 1, 0, 3, 1, 1, 1, 1, 2, 1, 2, 2, 2, 1, 3, 2, 2, 3, 2, 1, 1, 2, 2, 1, 3, 1, 3, 1, 3, 3, 2, 1, 1, 2, 3
Violations: 0
Best fitness: -3.0870806875809968E7
87, 0
Best particle: 2, 2, 1, 2, 0, 3, 1, 0, 3, 1, 3, 2, 2, 2, 3, 1, 1, 0, 0, 2, 3, 2, 3, 2, 0, 2, 1, 2, 2, 3, 1, 1, 1, 3, 3, 2, 2, 2, 1, 2, 0, 3, 3, 1, 1, 1, 1, 1, 2, 2, 0, 3, 2, 3, 2, 3, 1, 2, 3, 2, 3, 1, 2, 1, 2, 3, 3, 3, 2, 1, 1, 2, 1
Violations: 0
Best fitness: -2.619207001687696E7
88, 0
Best particle: 2, 1, 2, 1, 2, 3, 2, 3, 2, 2, 1, 1, 2, 1, 0, 2, 1, 3, 2, 3, 2, 3, 0, 3, 2, 3, 3, 1, 2, 3, 2, 2, 2, 3, 3, 2, 1, 3, 1, 3, 3, 2, 1, 1, 2, 2, 2, 1, 3, 2, 3, 3, 2, 1, 1, 2, 1, 3, 3, 1, 2, 3, 3, 3, 3, 3, 3, 2, 2, 1, 1, 1, 1
Violations: 0
Best fitness: -3.0037645941653043E7
89, 0
Best particle: 3, 1, 3, 2, 3, 1, 2, 0, 3, 1, 2, 1, 0, 2, 0, 2, 2, 3, 1, 3, 3, 2, 0, 2, 3, 1, 2, 1, 2, 3, 3, 1, 2, 1, 3, 1, 1, 1, 2, 2, 2, 3, 0, 2, 1, 1, 2, 2, 3, 3, 3, 3, 1, 2, 1, 3, 1, 1, 3, 2, 1, 1, 2, 3, 3, 3, 3, 3, 3, 2, 2, 1, 2
Violations: 0
Best fitness: -3.8995711178170025E7
90, 0
Best particle: 2, 2, 1, 2, 1, 3, 1, 0, 3, 0, 2, 2, 1, 3, 2, 3, 0, 0, 3, 0, 2, 3, 2, 1, 2, 1, 3, 1, 1, 1, 0, 1, 1, 3, 3, 1, 3, 2, 2, 2, 3, 3, 1, 2, 2, 1, 1, 1, 1, 1, 3, 2, 1, 2, 1, 2, 3, 1, 2, 1, 2, 3, 3, 3, 3, 3, 3, 2, 3, 1, 2, 2, 2
Violations: 0
Best fitness: -4.4594952383078E7
91, 0
Best particle: 1, 2, 1, 2, 2, 0, 2, 3, 2, 3, 2, 1, 3, 2, 1, 3, 2, 3, 0, 2, 2, 3, 1, 3, 2, 3, 3, 1, 1, 3, 3, 3, 1, 3, 2, 1, 1, 1, 2, 3, 0, 1, 2, 2, 1, 1, 1, 2, 1, 3, 2, 3, 1, 3, 2, 3, 1, 1, 3, 1, 2, 2, 3, 3, 3, 3, 3, 1, 2, 3, 1, 1, 2
Violations: 0
Best fitness: -1.5586487216126014E7
92, 0
Best particle: 1, 2, 1, 2, 1, 3, 1, 1, 3, 3, 1, 2, 2, 2, 3, 1, 2, 1, 0, 2, 3, 2, 3, 2, 3, 3, 3, 1, 1, 3, 0, 1, 2, 3, 2, 1, 1, 2, 1, 3, 2, 0, 3, 1, 1, 3, 1, 2, 2, 1, 3, 3, 2, 3, 1, 3, 1, 2, 3, 2, 1, 1, 2, 3, 2, 3, 3, 2, 3, 1, 2, 2, 1
Violations: 0
Best fitness: -2.973606398804103E7
93, 0
Best particle: 1, 2, 1, 2, 2, 0, 2, 0, 3, 1, 3, 1, 2, 2, 1, 3, 3, 3, 0, 2, 2, 3, 1, 3, 2, 2, 3, 1, 1, 1, 3, 3, 1, 3, 2, 1, 2, 1, 1, 2, 0, 3, 2, 1, 3, 1, 1, 2, 2, 2, 3, 3, 2, 3, 2, 1, 1, 2, 3, 2, 2, 3, 3, 3, 3, 3, 3, 3, 3, 1, 2, 1, 1
Violations: 0
Best fitness: -2.337254568240902E7
94, 0
Best particle: 2, 1, 3, 1, 1, 0, 1, 3, 2, 3, 2, 3, 1, 3, 2, 3, 3, 1, 3, 1, 2, 3, 2, 3, 2, 3, 2, 3, 2, 2, 1, 2, 2, 3, 1, 2, 1, 2, 1, 3, 0, 1, 3, 2, 1, 1, 2, 1, 1, 1, 3, 3, 1, 2, 3, 3, 2, 1, 1, 1, 2, 2, 1, 3, 3, 3, 3, 3, 1, 2, 2, 2, 1
Violations: 0
Best fitness: -2.8490177806814045E7
95, 0
Best particle: 2, 1, 2, 1, 2, 3, 2, 0, 3, 2, 1, 1, 3, 2, 0, 2, 2, 3, 2, 3, 2, 3, 1, 3, 2, 1, 3, 1, 1, 3, 3, 1, 2, 3, 3, 1, 1, 1, 2, 3, 0, 0, 2, 2, 1, 1, 1, 1, 3, 1, 1, 1, 2, 1, 2, 1, 2, 3, 3, 2, 2, 3, 1, 3, 3, 3, 3, 2, 3, 1, 1, 1, 1
Violations: 0
Best fitness: -3.001516603812507E7
96, 0
Best particle: 1, 2, 3, 2, 2, 0, 1, 0, 3, 3, 2, 1, 3, 3, 1, 2, 2, 2, 0, 3, 1, 3, 1, 2, 1, 2, 3, 1, 1, 2, 2, 2, 1, 3, 3, 2, 1, 1, 1, 2, 3, 3, 0, 1, 1, 1, 2, 2, 1, 3, 2, 3, 1, 2, 0, 1, 2, 2, 1, 2, 3, 3, 2, 3, 2, 3, 3, 2, 3, 1, 1, 2, 1
Violations: 0
Best fitness: -2.8952852498745017E7
97, 0
Best particle: 0, 2, 1, 2, 1, 3, 2, 3, 2, 2, 1, 2, 2, 2, 0, 2, 1, 3, 2, 1, 0, 2, 0, 2, 3, 3, 3, 2, 2, 1, 3, 3, 2, 3, 3, 2, 2, 2, 1, 3, 2, 1, 1, 2, 3, 1, 1, 1, 3, 2, 3, 3, 2, 3, 1, 3, 1, 2, 3, 2, 1, 1, 2, 3, 3, 3, 1, 3, 2, 2, 1, 3, 1
Violations: 0
Best fitness: -4.1977714246438E7
98, 0
Best particle: 3, 2, 3, 2, 3, 1, 2, 2, 3, 3, 2, 1, 3, 3, 1, 2, 3, 2, 0, 3, 2, 3, 1, 3, 1, 3, 2, 1, 2, 2, 2, 2, 3, 1, 3, 1, 1, 1, 2, 3, 3, 2, 0, 1, 1, 1, 2, 2, 1, 2, 2, 3, 3, 2, 0, 2, 1, 1, 3, 1, 1, 3, 3, 3, 3, 3, 3, 3, 3, 1, 1, 1, 2
Violations: 0
Best fitness: -2.7717341220983982E7
99, 0
Best particle: 3, 2, 3, 2, 3, 1, 2, 2, 3, 2, 1, 1, 0, 0, 1, 0, 3, 3, 0, 2, 1, 3, 1, 3, 1, 1, 2, 1, 2, 3, 3, 3, 2, 1, 3, 1, 1, 1, 2, 2, 0, 3, 2, 2, 1, 1, 2, 2, 3, 2, 3, 3, 2, 3, 2, 3, 1, 1, 3, 1, 1, 2, 3, 3, 3, 3, 3, 3, 3, 2, 1, 1, 2
Violations: 0
Best fitness: -2.6784170405453995E7
0.01
0.01
0.01
0.01
0.01
0.01
0.01
0.01
0.01
0.01
0.01
0.01
0.01
0.01
0.01
0.01
0.01
0.01
0.01
0.01
0.01
0.01
0.01
0.01
0.01
0.01
0.01
0.01
0.01
0.01
0.01
0.01
0.01
0.01
0.01
0.01
0.01
0.01
0.01
0.01
0.01
0.01
0.01
0.01
0.01
0.01
0.01
0.01
0.01
0.01
0.01
0.01
0.01
0.01
0.01
0.01
0.01
0.01
0.01
0.01
0.01
0.01
0.01
0.01
0.01
0.01
0.01
0.01
0.01
0.01
0.01
0.01
0.01
0.01
0.01
0.01
0.01
0.01
0.01
0.01
0.01
0.01
0.01
0.01
0.01
0.01
0.01
0.01
0.01
0.01
0.01
0.01
0.01
0.01
0.01
0.01
0.01
0.01
0.01
0.01
