Best particle: 3, 1, 3, 2, 3, 1, 1, 1, 3, 3, 1, 1, 2, 2, 1, 3, 3, 3, 0, 2, 2, 3, 1, 1, 2, 3, 2, 3, 2, 3, 0, 3, 3, 1, 3, 2, 1, 3, 1, 3, 3, 2, 2, 1, 1, 1, 2, 2, 2, 2, 3, 3, 2, 3, 2, 2, 2, 1, 3, 1, 2, 3, 1, 3, 3, 3, 3, 3, 3, 2, 2, 2, 2
Violations: 0
Best fitness: -2.138891275180106E7
Best particle: 2, 2, 1, 2, 2, 0, 2, 3, 2, 3, 1, 3, 3, 0, 1, 3, 3, 2, 0, 2, 2, 3, 1, 3, 2, 1, 1, 2, 1, 3, 3, 3, 2, 3, 3, 1, 1, 1, 2, 2, 0, 3, 2, 2, 1, 1, 1, 1, 2, 2, 1, 3, 2, 3, 2, 3, 1, 1, 3, 1, 2, 2, 3, 3, 3, 3, 3, 2, 2, 1, 1, 1, 2
Violations: 0
Best fitness: -2.435548491389002E7
Best particle: 2, 2, 1, 2, 1, 3, 2, 2, 3, 2, 3, 2, 2, 3, 2, 3, 0, 1, 2, 1, 2, 3, 2, 3, 2, 1, 3, 1, 1, 2, 0, 2, 2, 3, 2, 1, 1, 1, 2, 2, 3, 3, 2, 2, 1, 1, 1, 1, 1, 1, 3, 3, 1, 3, 1, 2, 1, 3, 3, 3, 2, 1, 3, 2, 3, 3, 3, 3, 3, 1, 1, 1, 2
Violations: 0
Best fitness: -2.452939721317698E7
Best particle: 1, 2, 1, 2, 1, 0, 2, 0, 3, 3, 1, 2, 0, 3, 0, 3, 2, 1, 0, 2, 2, 3, 3, 3, 2, 2, 3, 2, 1, 2, 2, 2, 2, 3, 3, 2, 3, 1, 1, 2, 0, 3, 3, 1, 1, 1, 1, 2, 2, 3, 3, 3, 2, 3, 1, 3, 1, 1, 3, 1, 2, 2, 3, 3, 3, 3, 3, 1, 3, 2, 1, 1, 1
Violations: 0
Best fitness: -2.2529444014721077E7
Best particle: 1, 2, 1, 2, 0, 3, 2, 0, 3, 3, 2, 1, 0, 1, 3, 2, 2, 2, 3, 1, 2, 3, 3, 3, 2, 2, 3, 1, 2, 3, 2, 3, 2, 3, 3, 1, 1, 1, 1, 2, 0, 3, 3, 1, 2, 2, 1, 2, 1, 1, 3, 3, 1, 2, 1, 3, 1, 1, 3, 2, 2, 1, 1, 3, 3, 3, 3, 2, 3, 1, 2, 1, 1
Violations: 0
Best fitness: -1.3805373032593E7
Best particle: 0, 2, 1, 2, 1, 2, 2, 2, 3, 2, 3, 2, 2, 3, 2, 3, 3, 0, 2, 1, 2, 3, 0, 3, 2, 2, 3, 1, 1, 2, 1, 2, 2, 3, 2, 1, 3, 2, 1, 2, 2, 3, 3, 1, 1, 1, 2, 1, 1, 1, 3, 3, 2, 3, 3, 3, 1, 1, 2, 1, 2, 2, 3, 3, 3, 3, 3, 2, 3, 3, 1, 1, 2
Violations: 0
Best fitness: -1.646287519085001E7
Best particle: 1, 1, 3, 2, 0, 3, 2, 3, 2, 3, 2, 1, 3, 2, 1, 3, 0, 3, 0, 2, 3, 2, 2, 2, 3, 1, 3, 1, 1, 3, 3, 3, 2, 3, 3, 1, 2, 1, 2, 2, 1, 3, 2, 2, 1, 1, 1, 2, 1, 2, 2, 3, 1, 3, 0, 3, 1, 1, 3, 2, 1, 1, 2, 3, 3, 3, 3, 1, 2, 3, 1, 1, 2
Violations: 0
Best fitness: -2.3674502529112022E7
Best particle: 2, 2, 1, 2, 0, 3, 2, 2, 3, 1, 2, 2, 1, 2, 1, 2, 0, 3, 0, 3, 2, 3, 1, 3, 1, 2, 3, 2, 1, 3, 3, 1, 1, 3, 3, 2, 1, 2, 1, 3, 0, 0, 1, 1, 1, 1, 1, 1, 3, 2, 3, 1, 1, 2, 2, 3, 2, 2, 3, 2, 1, 1, 2, 3, 3, 1, 3, 2, 3, 3, 1, 1, 3
Violations: 0
Best fitness: -2.2631429883596037E7
Best particle: 1, 2, 1, 2, 2, 3, 2, 0, 3, 3, 1, 1, 2, 2, 1, 0, 0, 3, 3, 2, 2, 3, 1, 3, 2, 3, 3, 1, 2, 3, 3, 1, 2, 3, 3, 1, 1, 1, 1, 3, 0, 2, 2, 1, 1, 1, 2, 2, 2, 2, 3, 3, 2, 1, 2, 3, 2, 1, 1, 1, 1, 2, 3, 3, 3, 3, 3, 2, 3, 1, 2, 1, 2
Violations: 0
Best fitness: -1.1420170141725019E7
Best particle: 2, 2, 1, 2, 2, 3, 2, 3, 2, 3, 1, 3, 3, 0, 1, 0, 0, 2, 0, 3, 0, 3, 1, 3, 2, 2, 1, 2, 1, 3, 3, 3, 2, 3, 2, 1, 1, 1, 1, 2, 0, 3, 2, 1, 2, 1, 1, 1, 2, 2, 1, 3, 3, 2, 2, 2, 2, 1, 3, 1, 2, 3, 1, 2, 3, 3, 3, 3, 2, 1, 1, 1, 2
Violations: 0
Best fitness: -2.4025065271049973E7
Best particle: 3, 2, 1, 2, 2, 1, 2, 2, 3, 3, 1, 1, 2, 0, 3, 1, 0, 2, 3, 0, 2, 3, 0, 3, 2, 2, 3, 1, 2, 3, 2, 3, 3, 1, 3, 1, 1, 1, 1, 2, 3, 3, 0, 1, 1, 1, 2, 2, 2, 2, 3, 3, 2, 1, 1, 2, 2, 1, 3, 3, 2, 1, 1, 2, 3, 3, 3, 3, 3, 1, 1, 1, 1
Violations: 0
Best fitness: -1.8591064650720987E7
Best particle: 1, 2, 1, 2, 2, 3, 2, 3, 2, 2, 1, 3, 2, 2, 3, 2, 1, 0, 2, 0, 0, 3, 3, 2, 1, 2, 1, 2, 2, 3, 1, 1, 2, 3, 3, 2, 1, 2, 1, 2, 0, 3, 3, 1, 1, 1, 2, 2, 3, 2, 3, 2, 2, 3, 2, 3, 1, 1, 3, 2, 1, 1, 2, 1, 3, 3, 3, 2, 2, 1, 1, 1, 2
Violations: 0
Best fitness: -1.4559954976181995E7
Best particle: 1, 1, 3, 2, 1, 3, 2, 3, 2, 3, 2, 3, 1, 3, 0, 3, 2, 2, 0, 1, 2, 3, 1, 3, 1, 1, 2, 3, 1, 2, 2, 2, 1, 3, 3, 1, 1, 1, 2, 2, 0, 3, 3, 2, 1, 1, 1, 2, 1, 1, 3, 3, 1, 3, 3, 3, 1, 1, 2, 2, 2, 1, 3, 1, 3, 3, 3, 2, 2, 1, 1, 1, 1
Violations: 0
Best fitness: -3.000673089423399E7
Best particle: 0, 2, 3, 2, 1, 3, 1, 3, 2, 3, 1, 2, 2, 2, 3, 1, 2, 0, 0, 2, 2, 3, 0, 3, 2, 3, 3, 1, 1, 3, 1, 1, 1, 3, 3, 1, 1, 2, 1, 3, 3, 2, 0, 1, 1, 1, 2, 1, 2, 1, 3, 1, 2, 3, 2, 1, 2, 2, 3, 2, 2, 3, 1, 3, 3, 3, 3, 2, 2, 1, 1, 2, 2
Violations: 0
Best fitness: -1.5308169795058936E7
Best particle: 2, 1, 2, 1, 1, 3, 2, 2, 3, 2, 1, 2, 2, 3, 2, 1, 0, 0, 2, 0, 2, 3, 0, 1, 2, 2, 3, 1, 1, 2, 1, 2, 2, 3, 3, 1, 1, 2, 1, 2, 2, 3, 3, 1, 1, 1, 1, 1, 3, 1, 3, 3, 2, 3, 3, 3, 2, 1, 1, 2, 2, 1, 3, 3, 3, 3, 3, 3, 3, 1, 1, 1, 1
Violations: 0
Best fitness: -1.3583125581024049E7
Best particle: 1, 2, 1, 2, 2, 0, 1, 2, 3, 3, 1, 1, 2, 2, 1, 3, 3, 3, 3, 2, 2, 3, 1, 1, 2, 3, 3, 1, 1, 3, 3, 3, 2, 3, 3, 2, 1, 1, 2, 3, 0, 2, 2, 1, 1, 1, 1, 2, 2, 2, 3, 3, 2, 1, 2, 3, 1, 1, 3, 2, 2, 1, 1, 1, 3, 3, 3, 2, 3, 1, 1, 2, 1
Violations: 0
Best fitness: -9628841.620486004
Best particle: 1, 1, 2, 1, 1, 3, 1, 0, 3, 2, 1, 2, 2, 2, 3, 2, 1, 1, 2, 0, 2, 3, 2, 3, 2, 2, 3, 1, 1, 3, 0, 1, 2, 3, 2, 1, 1, 1, 1, 2, 3, 3, 2, 1, 1, 1, 1, 2, 3, 2, 3, 3, 2, 3, 1, 2, 1, 1, 3, 3, 2, 1, 3, 2, 3, 3, 3, 3, 3, 1, 2, 2, 2
Violations: 0
Best fitness: -1.5941115335845973E7
Best particle: 0, 2, 1, 2, 2, 3, 2, 3, 2, 2, 3, 1, 2, 1, 3, 2, 1, 2, 2, 1, 2, 3, 0, 3, 1, 2, 3, 2, 2, 3, 2, 3, 2, 1, 3, 2, 1, 3, 1, 2, 3, 3, 1, 1, 2, 2, 2, 2, 1, 2, 3, 3, 1, 3, 1, 1, 1, 2, 3, 2, 1, 3, 2, 3, 3, 3, 3, 3, 2, 2, 1, 1, 2
Violations: 0
Best fitness: -2.3478551347160023E7
Best particle: 1, 2, 1, 2, 2, 3, 2, 0, 3, 3, 2, 1, 0, 0, 3, 2, 1, 2, 3, 0, 2, 3, 3, 3, 2, 3, 3, 1, 1, 3, 2, 3, 2, 3, 2, 3, 1, 1, 2, 3, 0, 0, 3, 1, 1, 1, 2, 2, 1, 2, 3, 3, 1, 2, 1, 3, 1, 2, 3, 2, 1, 1, 3, 1, 3, 3, 3, 2, 3, 3, 2, 1, 2
Violations: 0
Best fitness: -1.5378982316136984E7
Best particle: 2, 2, 1, 2, 1, 3, 2, 2, 3, 2, 1, 2, 0, 3, 2, 1, 0, 0, 2, 0, 2, 3, 2, 3, 2, 2, 3, 1, 1, 2, 0, 2, 2, 3, 3, 2, 1, 2, 1, 2, 3, 3, 1, 1, 1, 1, 2, 1, 3, 1, 3, 3, 2, 3, 1, 2, 2, 3, 3, 3, 1, 1, 3, 2, 3, 3, 3, 3, 3, 2, 1, 1, 2
Violations: 0
Best fitness: -1.8701676458851956E7
Best particle: 1, 2, 3, 2, 0, 3, 2, 3, 2, 3, 2, 1, 1, 0, 3, 2, 1, 2, 3, 0, 2, 3, 3, 3, 2, 3, 2, 1, 2, 3, 2, 3, 2, 3, 3, 2, 1, 1, 1, 3, 0, 0, 3, 1, 1, 1, 2, 2, 1, 2, 3, 3, 1, 2, 1, 3, 1, 1, 3, 2, 2, 1, 1, 3, 3, 3, 3, 1, 2, 2, 1, 1, 2
Violations: 0
Best fitness: -1.7597385464489017E7
Best particle: 2, 1, 2, 1, 0, 3, 2, 2, 3, 3, 1, 1, 2, 0, 2, 3, 0, 3, 0, 1, 2, 3, 2, 3, 2, 3, 2, 1, 1, 3, 3, 3, 2, 3, 3, 1, 2, 1, 2, 3, 0, 2, 2, 1, 1, 1, 1, 1, 2, 1, 3, 3, 2, 3, 1, 3, 2, 1, 0, 1, 2, 2, 3, 3, 3, 3, 3, 2, 3, 3, 1, 1, 2
Violations: 0
Best fitness: -1.700706127535303E7
Best particle: 1, 2, 1, 2, 1, 3, 1, 2, 3, 3, 2, 2, 3, 0, 3, 0, 2, 1, 0, 2, 2, 3, 3, 3, 2, 3, 3, 1, 1, 3, 2, 3, 2, 3, 2, 1, 1, 1, 2, 3, 0, 2, 3, 1, 1, 1, 1, 2, 1, 1, 2, 3, 1, 3, 1, 3, 1, 1, 3, 1, 2, 2, 1, 2, 3, 3, 3, 3, 3, 1, 1, 2, 2
Violations: 0
Best fitness: -1.615974661004998E7
Best particle: 1, 2, 1, 2, 2, 3, 2, 2, 3, 2, 1, 1, 2, 1, 3, 2, 1, 2, 2, 0, 1, 3, 0, 2, 1, 2, 3, 1, 1, 3, 2, 3, 2, 3, 2, 1, 1, 3, 1, 2, 3, 3, 1, 1, 2, 2, 1, 2, 3, 2, 3, 3, 2, 3, 1, 2, 1, 1, 3, 1, 1, 3, 3, 3, 3, 3, 3, 2, 3, 1, 1, 1, 1
Violations: 0
Best fitness: -1.4323484554491017E7
Best particle: 1, 1, 2, 1, 2, 3, 2, 3, 2, 3, 1, 1, 2, 1, 3, 1, 2, 2, 0, 2, 2, 3, 0, 3, 2, 2, 3, 1, 1, 3, 2, 3, 2, 3, 3, 1, 1, 3, 1, 2, 3, 3, 1, 1, 2, 2, 1, 2, 2, 1, 3, 3, 2, 3, 1, 2, 1, 1, 3, 1, 2, 3, 3, 3, 3, 3, 3, 3, 2, 1, 1, 1, 1
Violations: 0
Best fitness: -1.213678422985403E7
Best particle: 2, 2, 1, 2, 2, 3, 2, 0, 3, 2, 1, 1, 2, 1, 3, 2, 1, 2, 2, 1, 2, 3, 0, 3, 2, 2, 3, 1, 1, 3, 2, 3, 2, 3, 2, 3, 1, 1, 1, 2, 3, 3, 0, 1, 2, 2, 2, 1, 3, 2, 3, 3, 2, 3, 1, 2, 1, 1, 3, 1, 2, 3, 1, 3, 3, 3, 3, 3, 3, 2, 1, 1, 2
Violations: 0
Best fitness: -1.260814489104801E7
Best particle: 2, 2, 1, 2, 2, 3, 1, 2, 3, 3, 2, 1, 0, 1, 3, 2, 2, 2, 0, 1, 2, 3, 1, 3, 2, 2, 3, 1, 1, 3, 0, 3, 2, 3, 2, 1, 2, 3, 1, 2, 3, 3, 2, 1, 2, 2, 2, 1, 1, 1, 3, 3, 1, 3, 2, 2, 1, 1, 3, 3, 2, 1, 3, 2, 3, 3, 3, 2, 3, 3, 1, 2, 2
Violations: 0
Best fitness: -1.9068538129195973E7
Best particle: 1, 2, 1, 2, 1, 3, 1, 2, 3, 3, 1, 2, 2, 2, 3, 1, 1, 1, 0, 2, 2, 3, 3, 3, 1, 2, 3, 1, 1, 3, 1, 3, 2, 3, 3, 1, 2, 2, 1, 2, 0, 3, 3, 1, 1, 1, 1, 2, 2, 2, 3, 3, 2, 3, 2, 3, 1, 1, 3, 1, 1, 2, 2, 3, 3, 3, 3, 2, 3, 1, 1, 2, 1
Violations: 0
Best fitness: -8283518.585354034
Best particle: 2, 2, 1, 2, 2, 0, 1, 0, 3, 3, 1, 1, 2, 2, 1, 3, 2, 3, 3, 2, 2, 3, 1, 3, 2, 2, 3, 2, 2, 3, 3, 1, 2, 3, 3, 2, 2, 1, 1, 2, 0, 3, 2, 1, 1, 1, 1, 1, 2, 3, 3, 3, 2, 1, 2, 3, 2, 1, 1, 2, 2, 1, 3, 3, 3, 3, 3, 3, 2, 2, 3, 2, 2
Violations: 0
Best fitness: -1.3073716153874997E7
Best particle: 2, 2, 3, 2, 3, 1, 2, 1, 3, 3, 2, 1, 1, 2, 1, 3, 3, 3, 3, 2, 3, 2, 1, 1, 3, 2, 2, 3, 2, 3, 3, 3, 2, 1, 3, 1, 2, 2, 1, 2, 0, 3, 1, 1, 1, 1, 2, 3, 1, 2, 3, 3, 1, 0, 2, 3, 1, 1, 3, 2, 2, 1, 1, 3, 3, 3, 3, 3, 3, 2, 2, 1, 2
Violations: 0
Best fitness: -1.5088940601629002E7
Best particle: 2, 2, 1, 2, 1, 3, 1, 3, 2, 3, 2, 3, 1, 2, 3, 0, 1, 0, 0, 2, 2, 0, 0, 3, 1, 2, 2, 1, 1, 3, 1, 1, 2, 3, 3, 1, 1, 2, 1, 2, 3, 3, 0, 1, 1, 1, 2, 1, 1, 2, 3, 1, 1, 3, 2, 2, 2, 1, 3, 3, 1, 1, 2, 1, 3, 3, 3, 3, 2, 2, 1, 2, 1
Violations: 0
Best fitness: -1.5414286080610998E7
Best particle: 0, 2, 1, 2, 2, 3, 2, 2, 3, 3, 1, 1, 0, 3, 0, 3, 1, 2, 0, 2, 1, 3, 1, 3, 1, 3, 3, 1, 1, 2, 2, 2, 2, 3, 3, 1, 1, 1, 1, 3, 0, 2, 3, 1, 1, 1, 1, 2, 2, 2, 3, 3, 2, 3, 3, 3, 2, 2, 1, 1, 1, 2, 2, 3, 3, 3, 3, 2, 3, 1, 1, 1, 1
Violations: 0
Best fitness: -1.9099366679522045E7
Best particle: 2, 1, 2, 1, 1, 3, 2, 2, 3, 3, 2, 3, 1, 1, 3, 2, 1, 2, 0, 1, 3, 2, 3, 2, 3, 2, 2, 1, 1, 3, 2, 3, 2, 3, 2, 1, 1, 1, 1, 2, 0, 3, 3, 1, 2, 2, 2, 1, 1, 2, 3, 3, 1, 3, 1, 3, 1, 1, 3, 1, 1, 2, 2, 3, 3, 3, 3, 3, 3, 2, 1, 1, 1
Violations: 0
Best fitness: -1.633505155704502E7
Best particle: 1, 2, 1, 2, 2, 3, 2, 3, 2, 3, 1, 1, 3, 2, 3, 1, 2, 0, 3, 0, 2, 3, 2, 3, 2, 1, 3, 1, 1, 3, 0, 3, 2, 3, 2, 3, 1, 3, 2, 2, 3, 3, 2, 2, 1, 1, 2, 2, 2, 1, 2, 3, 3, 2, 1, 2, 1, 1, 3, 1, 2, 3, 3, 3, 3, 3, 3, 3, 1, 1, 2, 1, 2
Violations: 0
Best fitness: -2.0349578139202006E7
Best particle: 2, 2, 1, 2, 2, 3, 1, 0, 3, 3, 2, 3, 3, 1, 3, 2, 1, 2, 3, 1, 2, 3, 0, 3, 2, 2, 1, 2, 1, 3, 2, 2, 2, 3, 3, 1, 1, 3, 1, 2, 3, 3, 1, 1, 2, 2, 1, 1, 1, 2, 2, 3, 1, 2, 1, 2, 1, 1, 3, 1, 2, 3, 1, 2, 3, 3, 3, 3, 2, 1, 3, 2, 1
Violations: 0
Best fitness: -1.8463500953960016E7
Best particle: 1, 1, 3, 2, 1, 3, 2, 2, 3, 3, 1, 2, 3, 3, 2, 1, 0, 0, 0, 3, 2, 3, 0, 3, 2, 2, 3, 2, 1, 2, 1, 2, 2, 3, 3, 2, 1, 2, 1, 2, 2, 3, 0, 1, 1, 1, 1, 2, 2, 1, 1, 3, 2, 1, 3, 3, 1, 1, 2, 2, 2, 1, 3, 3, 3, 3, 3, 3, 3, 2, 1, 1, 1
Violations: 0
Best fitness: -1.2741710219108976E7
Best particle: 3, 2, 1, 3, 3, 1, 2, 2, 3, 3, 1, 1, 0, 0, 2, 1, 0, 3, 0, 3, 2, 3, 0, 3, 2, 3, 2, 1, 2, 3, 3, 3, 2, 1, 3, 2, 2, 2, 1, 3, 2, 0, 1, 1, 2, 1, 2, 2, 2, 3, 2, 3, 3, 2, 1, 3, 2, 1, 3, 2, 1, 1, 3, 3, 3, 3, 1, 1, 3, 2, 1, 3, 1
Violations: 0
Best fitness: -3.2497705001934018E7
Best particle: 1, 2, 1, 2, 1, 3, 2, 3, 2, 2, 1, 2, 2, 0, 3, 2, 1, 1, 2, 1, 2, 3, 0, 3, 2, 3, 3, 1, 1, 3, 2, 2, 2, 3, 2, 1, 1, 3, 1, 3, 3, 2, 1, 1, 1, 1, 1, 2, 3, 2, 3, 3, 2, 3, 1, 2, 1, 1, 3, 3, 2, 1, 1, 2, 3, 3, 3, 2, 1, 1, 2, 1, 1
Violations: 0
Best fitness: -1.8605597826705974E7
Best particle: 1, 2, 1, 2, 0, 3, 1, 0, 3, 3, 2, 2, 3, 2, 1, 2, 0, 3, 0, 3, 2, 3, 0, 3, 1, 2, 3, 1, 1, 3, 3, 3, 2, 3, 2, 1, 1, 1, 3, 2, 1, 3, 0, 1, 1, 1, 1, 2, 1, 2, 2, 3, 1, 2, 2, 3, 1, 1, 3, 2, 1, 1, 2, 1, 3, 3, 3, 1, 3, 3, 1, 2, 1
Violations: 0
Best fitness: -1.5407546461005012E7
Best particle: 1, 2, 1, 2, 2, 3, 2, 3, 2, 1, 2, 1, 0, 3, 1, 0, 0, 2, 1, 2, 3, 2, 1, 2, 3, 3, 3, 1, 1, 2, 2, 2, 2, 3, 2, 1, 1, 1, 1, 3, 3, 2, 0, 1, 1, 1, 1, 2, 3, 2, 3, 2, 1, 3, 0, 2, 3, 1, 2, 1, 1, 3, 2, 3, 3, 3, 3, 3, 2, 1, 1, 1, 2
Violations: 0
Best fitness: -2.919197249563004E7
Best particle: 3, 2, 1, 2, 3, 1, 2, 2, 3, 1, 2, 1, 3, 2, 1, 2, 2, 3, 1, 3, 2, 3, 1, 3, 2, 2, 2, 3, 2, 3, 3, 3, 2, 1, 3, 2, 1, 1, 1, 2, 0, 3, 2, 1, 1, 1, 2, 2, 3, 3, 2, 2, 3, 2, 2, 2, 1, 1, 3, 1, 2, 3, 1, 2, 3, 3, 3, 2, 3, 1, 1, 1, 2
Violations: 0
Best fitness: -1.801847704747593E7
Best particle: 1, 2, 1, 2, 2, 3, 1, 2, 3, 3, 1, 3, 2, 2, 1, 3, 0, 0, 3, 2, 2, 3, 1, 3, 1, 2, 1, 2, 1, 3, 3, 1, 1, 3, 3, 1, 2, 1, 1, 2, 0, 3, 2, 1, 1, 1, 1, 2, 2, 2, 3, 3, 2, 1, 2, 3, 2, 1, 3, 2, 2, 1, 3, 1, 3, 3, 3, 3, 1, 2, 3, 2, 1
Violations: 0
Best fitness: -1.5439034256581016E7
Best particle: 0, 2, 1, 2, 0, 2, 2, 2, 3, 1, 2, 1, 3, 1, 2, 1, 3, 3, 0, 3, 2, 3, 0, 3, 2, 2, 2, 1, 2, 3, 3, 3, 2, 3, 3, 2, 1, 2, 1, 2, 2, 3, 1, 1, 2, 2, 1, 1, 3, 1, 2, 3, 1, 2, 1, 3, 1, 2, 3, 2, 2, 1, 1, 3, 3, 3, 3, 3, 3, 1, 1, 1, 2
Violations: 0
Best fitness: -2.120543678788394E7
Best particle: 1, 2, 1, 2, 3, 2, 2, 3, 2, 3, 1, 1, 2, 2, 1, 3, 0, 3, 3, 2, 2, 3, 1, 3, 2, 1, 2, 1, 1, 3, 3, 3, 3, 2, 2, 1, 1, 1, 2, 2, 0, 3, 2, 2, 1, 1, 3, 3, 2, 3, 3, 3, 2, 1, 2, 3, 1, 1, 3, 2, 1, 1, 3, 1, 3, 3, 3, 2, 1, 1, 2, 1, 1
Violations: 0
Best fitness: -1.5943730744378014E7
Best particle: 2, 2, 1, 2, 2, 0, 2, 2, 3, 3, 2, 1, 0, 2, 1, 3, 3, 3, 0, 2, 2, 3, 1, 3, 2, 2, 3, 1, 1, 3, 0, 3, 2, 3, 3, 2, 2, 3, 1, 2, 3, 3, 2, 1, 1, 1, 1, 1, 1, 2, 3, 1, 1, 3, 2, 2, 2, 3, 3, 3, 2, 1, 3, 2, 3, 3, 3, 2, 3, 1, 1, 1, 2
Violations: 0
Best fitness: -1.740857844462099E7
Best particle: 1, 2, 1, 2, 3, 2, 2, 3, 2, 3, 1, 1, 2, 0, 2, 3, 1, 3, 3, 0, 2, 3, 2, 3, 2, 2, 2, 3, 1, 3, 3, 3, 1, 2, 2, 1, 2, 2, 3, 2, 0, 3, 1, 1, 1, 1, 1, 3, 2, 3, 3, 3, 2, 1, 1, 3, 1, 2, 3, 2, 2, 1, 3, 3, 3, 3, 3, 2, 1, 3, 2, 1, 2
Violations: 0
Best fitness: -2.0859832913101006E7
Best particle: 2, 2, 1, 2, 2, 3, 2, 3, 2, 3, 1, 3, 3, 0, 3, 1, 1, 2, 3, 2, 2, 3, 0, 3, 2, 2, 1, 2, 1, 3, 2, 2, 2, 3, 3, 2, 1, 3, 1, 2, 3, 3, 1, 1, 1, 1, 2, 1, 2, 2, 1, 1, 2, 1, 1, 1, 2, 2, 3, 2, 1, 3, 3, 3, 3, 3, 3, 3, 2, 2, 1, 1, 2
Violations: 0
Best fitness: -2.0685913014696945E7
Best particle: 1, 2, 1, 2, 2, 3, 2, 0, 3, 3, 1, 1, 2, 0, 3, 1, 1, 2, 0, 2, 2, 3, 0, 1, 2, 1, 3, 1, 1, 3, 2, 3, 2, 3, 3, 2, 1, 1, 2, 2, 3, 3, 0, 2, 1, 1, 1, 2, 2, 2, 3, 3, 2, 3, 1, 2, 1, 1, 3, 1, 3, 3, 1, 3, 2, 3, 3, 3, 1, 1, 3, 1, 2
Violations: 0
Best fitness: -2.0777644299537994E7
Best particle: 1, 1, 2, 1, 0, 3, 2, 3, 2, 3, 1, 2, 2, 2, 1, 0, 0, 3, 0, 2, 2, 3, 1, 3, 1, 3, 3, 1, 1, 3, 3, 3, 2, 3, 3, 1, 1, 1, 1, 3, 0, 2, 2, 1, 1, 1, 1, 2, 2, 2, 3, 3, 2, 3, 2, 3, 1, 1, 3, 1, 2, 2, 3, 3, 3, 3, 3, 3, 2, 1, 1, 1, 2
Violations: 0
Best fitness: -9434150.25050699
Best particle: 2, 2, 1, 2, 0, 3, 2, 2, 3, 3, 2, 2, 1, 2, 1, 3, 0, 3, 3, 2, 3, 2, 1, 2, 3, 2, 3, 1, 1, 3, 3, 3, 2, 3, 3, 1, 1, 1, 1, 2, 0, 3, 2, 1, 1, 1, 1, 1, 1, 2, 3, 1, 1, 0, 2, 3, 2, 1, 3, 2, 1, 1, 2, 3, 3, 3, 3, 3, 3, 1, 1, 1, 2
Violations: 0
Best fitness: -1.0273369301942019E7
Best particle: 2, 1, 2, 1, 1, 3, 2, 0, 3, 3, 1, 2, 2, 2, 3, 1, 0, 1, 3, 2, 3, 1, 1, 1, 2, 3, 3, 1, 1, 3, 0, 1, 2, 3, 3, 1, 2, 1, 2, 3, 3, 2, 2, 1, 1, 1, 2, 1, 2, 1, 3, 3, 2, 1, 2, 2, 1, 1, 3, 3, 2, 1, 1, 2, 3, 3, 3, 2, 3, 1, 1, 1, 1
Violations: 0
Best fitness: -1.8452519172689017E7
Best particle: 3, 1, 3, 2, 2, 1, 1, 0, 3, 3, 1, 1, 2, 1, 3, 1, 0, 2, 0, 2, 2, 3, 0, 3, 1, 3, 3, 1, 2, 3, 2, 3, 3, 1, 1, 3, 1, 1, 1, 3, 3, 2, 0, 1, 2, 2, 2, 2, 2, 2, 3, 1, 2, 3, 1, 2, 2, 1, 3, 1, 1, 3, 2, 2, 3, 3, 3, 2, 3, 1, 1, 2, 1
Violations: 0
Best fitness: -2.4007532587073993E7
Best particle: 1, 2, 1, 2, 2, 0, 2, 0, 3, 3, 1, 1, 2, 3, 1, 3, 3, 2, 3, 2, 2, 3, 1, 3, 1, 3, 3, 2, 2, 2, 2, 2, 2, 3, 3, 2, 1, 1, 1, 3, 0, 0, 3, 1, 1, 1, 1, 2, 2, 2, 3, 1, 2, 1, 3, 3, 2, 1, 1, 2, 1, 1, 3, 3, 3, 3, 3, 3, 3, 1, 1, 1, 2
Violations: 0
Best fitness: -1.383897834455407E7
Best particle: 1, 1, 2, 1, 2, 3, 2, 2, 1, 2, 1, 1, 2, 3, 1, 2, 0, 2, 2, 3, 3, 2, 1, 2, 3, 2, 3, 1, 1, 2, 2, 2, 2, 3, 3, 1, 1, 1, 1, 2, 0, 3, 3, 1, 1, 1, 2, 2, 3, 2, 3, 3, 2, 1, 3, 2, 2, 1, 1, 3, 1, 1, 2, 2, 3, 3, 3, 3, 3, 1, 1, 1, 1
Violations: 0
Best fitness: -1.3622531750150029E7
Best particle: 3, 2, 1, 2, 3, 0, 2, 2, 3, 2, 1, 1, 2, 3, 2, 1, 3, 0, 2, 3, 2, 3, 2, 3, 2, 2, 2, 1, 2, 2, 1, 2, 2, 1, 3, 2, 1, 2, 1, 1, 0, 3, 3, 1, 1, 1, 3, 2, 3, 1, 3, 2, 2, 1, 3, 3, 3, 1, 2, 2, 2, 1, 3, 3, 3, 3, 3, 2, 3, 3, 1, 1, 2
Violations: 0
Best fitness: -1.882406994380901E7
Best particle: 1, 2, 1, 2, 2, 3, 1, 3, 2, 2, 1, 1, 2, 1, 3, 1, 1, 2, 2, 0, 2, 3, 0, 1, 2, 2, 3, 1, 1, 3, 2, 3, 2, 3, 3, 1, 1, 1, 1, 2, 3, 3, 0, 1, 2, 2, 1, 2, 3, 2, 3, 3, 2, 3, 1, 2, 1, 1, 3, 1, 2, 3, 1, 2, 3, 3, 3, 3, 2, 1, 1, 2, 1
Violations: 0
Best fitness: -1.4051959314018011E7
Best particle: 2, 1, 2, 1, 2, 0, 1, 3, 2, 3, 1, 3, 3, 2, 1, 3, 3, 0, 0, 2, 2, 3, 1, 3, 2, 2, 1, 2, 1, 3, 3, 3, 2, 3, 3, 1, 1, 1, 1, 2, 0, 3, 2, 1, 1, 1, 1, 1, 2, 2, 1, 3, 2, 3, 2, 3, 2, 1, 3, 2, 2, 1, 1, 1, 3, 3, 3, 3, 2, 1, 1, 2, 1
Violations: 0
Best fitness: -1.2941732482526E7
Best particle: 1, 1, 2, 1, 1, 3, 2, 3, 2, 3, 1, 2, 2, 2, 3, 1, 1, 0, 3, 0, 2, 3, 2, 3, 2, 2, 3, 1, 1, 3, 0, 3, 2, 3, 3, 1, 1, 3, 1, 2, 3, 3, 2, 1, 1, 1, 1, 2, 2, 2, 3, 3, 2, 1, 1, 2, 1, 1, 3, 3, 1, 1, 3, 2, 2, 3, 3, 3, 2, 1, 1, 1, 2
Violations: 0
Best fitness: -1.5952327997086003E7
Best particle: 2, 2, 1, 2, 2, 0, 2, 2, 3, 3, 1, 1, 2, 1, 3, 1, 2, 2, 0, 2, 3, 2, 0, 2, 3, 3, 3, 1, 1, 3, 2, 3, 2, 3, 2, 3, 1, 3, 2, 3, 3, 2, 1, 1, 2, 2, 2, 1, 2, 1, 3, 3, 2, 3, 1, 1, 1, 2, 3, 2, 1, 3, 2, 3, 3, 3, 3, 3, 3, 2, 1, 1, 1
Violations: 0
Best fitness: -1.7623923456467018E7
Best particle: 3, 2, 3, 2, 3, 0, 1, 3, 2, 3, 2, 1, 3, 2, 1, 3, 3, 3, 3, 0, 2, 3, 1, 3, 2, 3, 2, 3, 1, 3, 3, 3, 1, 2, 3, 1, 1, 1, 1, 3, 0, 2, 2, 1, 1, 1, 1, 1, 1, 2, 2, 3, 3, 2, 2, 3, 2, 1, 3, 2, 2, 1, 3, 3, 3, 3, 3, 3, 2, 1, 1, 2, 1
Violations: 0
Best fitness: -1.3833089126857005E7
Best particle: 1, 2, 1, 2, 1, 3, 2, 3, 2, 2, 1, 2, 2, 2, 3, 2, 2, 1, 2, 0, 2, 3, 3, 1, 2, 2, 3, 1, 2, 3, 1, 3, 2, 3, 3, 2, 1, 2, 1, 2, 0, 3, 3, 1, 1, 1, 1, 2, 3, 1, 3, 3, 2, 3, 2, 3, 1, 1, 3, 1, 2, 2, 1, 3, 3, 3, 3, 2, 2, 3, 1, 1, 2
Violations: 0
Best fitness: -9634932.582789985
Best particle: 1, 2, 1, 2, 0, 3, 2, 2, 3, 3, 1, 2, 3, 0, 1, 3, 0, 3, 3, 0, 2, 3, 1, 3, 2, 2, 1, 2, 1, 3, 3, 3, 1, 3, 3, 1, 1, 1, 1, 2, 0, 3, 2, 1, 1, 2, 1, 2, 2, 2, 2, 3, 3, 2, 2, 2, 1, 1, 3, 1, 2, 3, 1, 3, 3, 3, 3, 2, 3, 1, 1, 1, 1
Violations: 0
Best fitness: -2.1420371075661004E7
Best particle: 2, 2, 1, 2, 2, 3, 1, 0, 3, 1, 2, 1, 1, 3, 1, 0, 0, 2, 0, 2, 2, 3, 1, 3, 1, 2, 3, 1, 1, 2, 2, 2, 2, 3, 3, 1, 1, 1, 1, 2, 0, 3, 3, 1, 1, 1, 2, 1, 3, 2, 3, 1, 1, 3, 3, 3, 2, 1, 1, 2, 2, 1, 3, 1, 3, 3, 3, 1, 3, 2, 1, 2, 1
Violations: 0
Best fitness: -1.5953003649094095E7
Best particle: 3, 2, 1, 2, 3, 1, 1, 0, 3, 3, 1, 2, 3, 2, 1, 3, 2, 3, 3, 2, 2, 3, 1, 3, 1, 2, 1, 2, 2, 3, 0, 3, 2, 1, 1, 3, 1, 2, 1, 2, 2, 3, 3, 1, 1, 1, 2, 2, 2, 3, 1, 1, 2, 1, 3, 3, 3, 1, 2, 1, 2, 2, 3, 3, 3, 3, 3, 3, 3, 2, 2, 2, 2
Violations: 0
Best fitness: -2.974561993428102E7
Best particle: 1, 1, 3, 2, 2, 3, 2, 2, 3, 3, 2, 1, 0, 2, 3, 2, 1, 0, 3, 1, 2, 3, 0, 3, 2, 2, 3, 2, 1, 3, 1, 3, 2, 3, 2, 3, 1, 2, 1, 2, 3, 3, 0, 1, 1, 1, 2, 2, 1, 2, 3, 3, 1, 2, 2, 2, 1, 3, 3, 1, 2, 3, 3, 3, 3, 3, 3, 3, 3, 2, 1, 1, 2
Violations: 0
Best fitness: -8684553.092823949
Best particle: 3, 1, 3, 2, 1, 2, 2, 2, 3, 3, 1, 2, 3, 3, 2, 1, 3, 1, 3, 0, 2, 3, 2, 3, 2, 2, 3, 1, 1, 2, 0, 2, 3, 2, 3, 1, 1, 2, 1, 2, 3, 3, 1, 1, 1, 1, 1, 1, 2, 1, 1, 3, 3, 2, 1, 2, 2, 1, 3, 3, 2, 1, 1, 2, 3, 3, 3, 3, 3, 1, 1, 1, 2
Violations: 0
Best fitness: -2.0738159063381962E7
Best particle: 1, 2, 1, 2, 1, 3, 2, 0, 3, 2, 1, 2, 2, 0, 3, 2, 2, 1, 2, 0, 2, 3, 0, 3, 2, 2, 3, 1, 1, 3, 2, 2, 2, 3, 2, 1, 1, 1, 1, 2, 3, 3, 0, 1, 1, 1, 2, 2, 3, 1, 3, 3, 2, 3, 1, 2, 1, 1, 3, 3, 2, 1, 3, 2, 3, 3, 3, 3, 3, 1, 2, 1, 2
Violations: 0
Best fitness: -1.447696379967802E7
Best particle: 3, 1, 3, 2, 3, 1, 2, 3, 2, 3, 1, 1, 2, 3, 1, 3, 2, 2, 0, 2, 2, 3, 1, 3, 2, 3, 2, 1, 2, 2, 2, 2, 3, 1, 3, 1, 1, 3, 2, 3, 3, 2, 1, 1, 1, 1, 2, 2, 2, 3, 3, 3, 2, 3, 0, 2, 1, 1, 3, 3, 2, 1, 1, 2, 3, 3, 3, 3, 2, 1, 1, 1, 1
Violations: 0
Best fitness: -2.4016229042089917E7
Best particle: 3, 1, 3, 2, 1, 2, 2, 2, 3, 2, 3, 2, 2, 3, 2, 3, 1, 1, 2, 0, 2, 3, 0, 3, 2, 1, 3, 1, 1, 2, 1, 2, 1, 2, 2, 3, 1, 2, 2, 2, 2, 3, 3, 2, 1, 1, 3, 1, 1, 3, 3, 3, 1, 3, 3, 3, 1, 2, 2, 1, 2, 2, 1, 3, 3, 3, 3, 2, 1, 1, 3, 1, 1
Violations: 0
Best fitness: -2.668533570312904E7
Best particle: 2, 3, 1, 3, 1, 3, 3, 0, 3, 3, 2, 2, 1, 3, 2, 3, 0, 0, 0, 1, 2, 3, 0, 3, 2, 1, 3, 1, 1, 2, 1, 2, 1, 3, 3, 1, 3, 2, 2, 3, 2, 0, 3, 2, 1, 1, 2, 1, 1, 1, 3, 3, 1, 3, 3, 3, 1, 1, 2, 2, 2, 1, 1, 3, 3, 2, 2, 3, 3, 1, 2, 1, 1
Violations: 0
Best fitness: -2.3533882768834017E7
Best particle: 2, 2, 3, 2, 2, 3, 2, 3, 2, 3, 2, 1, 1, 1, 3, 2, 2, 2, 3, 0, 2, 3, 0, 3, 1, 2, 3, 1, 1, 3, 2, 3, 2, 3, 2, 3, 1, 3, 1, 3, 3, 0, 1, 1, 2, 2, 2, 1, 1, 1, 3, 3, 1, 2, 1, 2, 1, 1, 3, 3, 2, 1, 3, 2, 3, 3, 3, 3, 2, 1, 1, 1, 2
Violations: 0
Best fitness: -1.6518370977699023E7
Best particle: 3, 2, 1, 2, 3, 1, 2, 3, 2, 3, 2, 1, 3, 2, 1, 3, 2, 3, 3, 2, 3, 2, 1, 2, 1, 2, 2, 3, 2, 3, 3, 3, 2, 1, 3, 2, 2, 1, 3, 2, 0, 3, 2, 1, 1, 1, 2, 2, 1, 3, 2, 3, 3, 1, 2, 1, 1, 2, 3, 2, 1, 3, 2, 3, 3, 3, 3, 2, 1, 3, 2, 1, 2
Violations: 0
Best fitness: -2.2028756546921022E7
Best particle: 1, 2, 1, 2, 1, 3, 1, 0, 3, 3, 1, 2, 2, 0, 3, 1, 1, 1, 3, 2, 2, 3, 0, 3, 1, 2, 3, 1, 1, 3, 2, 2, 2, 3, 3, 1, 1, 3, 1, 2, 3, 3, 1, 1, 1, 1, 1, 2, 2, 2, 3, 3, 2, 1, 1, 2, 1, 1, 3, 1, 2, 3, 3, 3, 3, 3, 3, 3, 3, 1, 2, 2, 1
Violations: 0
Best fitness: -1.4253885808130005E7
Best particle: 2, 2, 1, 2, 1, 3, 2, 3, 2, 1, 2, 2, 0, 1, 3, 1, 2, 0, 1, 2, 2, 3, 0, 3, 1, 2, 3, 1, 1, 3, 2, 3, 2, 3, 3, 1, 1, 1, 1, 2, 3, 3, 0, 1, 2, 2, 2, 1, 3, 1, 3, 3, 1, 3, 1, 1, 1, 2, 3, 2, 1, 3, 2, 3, 3, 3, 3, 2, 2, 1, 1, 1, 1
Violations: 0
Best fitness: -2.078630434377401E7
Best particle: 3, 1, 3, 2, 3, 1, 1, 2, 3, 3, 1, 1, 2, 3, 2, 3, 0, 0, 0, 1, 2, 3, 3, 3, 1, 3, 2, 1, 2, 2, 0, 2, 2, 1, 3, 1, 3, 1, 2, 3, 2, 1, 3, 2, 1, 1, 2, 2, 2, 3, 3, 3, 2, 3, 1, 3, 1, 1, 3, 1, 1, 2, 3, 3, 3, 3, 3, 3, 3, 1, 1, 2, 1
Violations: 0
Best fitness: -2.822025654066104E7
Best particle: 1, 2, 1, 2, 2, 3, 2, 0, 3, 1, 2, 1, 3, 0, 3, 1, 1, 2, 1, 2, 2, 3, 3, 1, 2, 2, 3, 2, 1, 3, 2, 2, 2, 3, 3, 2, 2, 1, 1, 2, 0, 3, 3, 1, 1, 1, 2, 2, 3, 2, 2, 3, 1, 3, 1, 3, 1, 1, 3, 1, 2, 2, 3, 3, 3, 3, 3, 3, 2, 2, 3, 1, 1
Violations: 0
Best fitness: -1.896061957074901E7
Best particle: 1, 2, 1, 2, 0, 3, 1, 2, 3, 1, 2, 1, 3, 1, 2, 1, 0, 3, 1, 0, 2, 3, 2, 1, 2, 2, 3, 1, 1, 3, 3, 3, 2, 3, 3, 1, 1, 1, 1, 2, 0, 3, 2, 1, 2, 2, 1, 2, 3, 1, 2, 3, 1, 3, 1, 1, 1, 2, 2, 2, 2, 3, 1, 3, 3, 3, 3, 2, 3, 1, 1, 2, 1
Violations: 0
Best fitness: -2.1569716522569004E7
Best particle: 1, 2, 1, 2, 2, 3, 2, 2, 3, 2, 1, 3, 2, 2, 3, 2, 1, 1, 2, 0, 3, 2, 3, 1, 3, 2, 1, 2, 2, 3, 1, 1, 2, 3, 1, 2, 1, 2, 1, 2, 0, 3, 3, 1, 1, 1, 2, 2, 3, 2, 3, 3, 2, 3, 2, 3, 1, 2, 3, 2, 2, 1, 1, 3, 3, 3, 3, 2, 3, 1, 1, 1, 1
Violations: 0
Best fitness: -1.5327075917506004E7
Best particle: 1, 1, 2, 1, 1, 3, 2, 2, 3, 2, 1, 2, 2, 0, 3, 2, 1, 1, 2, 1, 0, 3, 3, 2, 1, 2, 3, 1, 1, 3, 2, 3, 2, 3, 2, 1, 2, 1, 1, 2, 0, 3, 3, 1, 1, 1, 1, 2, 3, 2, 3, 3, 2, 3, 1, 3, 1, 1, 3, 2, 1, 1, 2, 3, 3, 3, 3, 3, 3, 2, 1, 1, 2
Violations: 0
Best fitness: -1.510000895347301E7
Best particle: 3, 1, 3, 2, 3, 1, 2, 2, 3, 1, 3, 2, 2, 3, 1, 3, 3, 0, 0, 2, 2, 3, 1, 3, 1, 2, 1, 2, 2, 2, 2, 2, 3, 1, 3, 2, 1, 1, 1, 2, 3, 3, 0, 1, 1, 1, 2, 2, 2, 2, 3, 3, 1, 3, 0, 2, 1, 3, 3, 1, 2, 3, 3, 3, 3, 3, 3, 2, 3, 3, 1, 1, 2
Violations: 0
Best fitness: -3.3184021248445965E7
Best particle: 2, 1, 2, 1, 2, 0, 2, 3, 2, 3, 1, 1, 2, 2, 1, 3, 3, 3, 0, 2, 3, 2, 1, 2, 3, 3, 3, 2, 1, 3, 3, 3, 2, 3, 3, 1, 1, 1, 2, 3, 0, 2, 2, 1, 1, 1, 2, 1, 2, 2, 3, 3, 2, 3, 2, 3, 1, 2, 3, 2, 3, 1, 2, 3, 2, 3, 3, 2, 2, 1, 1, 1, 2
Violations: 0
Best fitness: -1.1105441529100994E7
Best particle: 2, 1, 3, 2, 3, 1, 1, 2, 3, 2, 1, 1, 2, 3, 1, 2, 3, 2, 2, 0, 2, 3, 1, 3, 1, 1, 2, 1, 2, 2, 2, 1, 2, 1, 3, 1, 1, 1, 2, 2, 0, 3, 3, 2, 1, 1, 2, 3, 3, 2, 3, 3, 2, 3, 3, 3, 2, 1, 1, 1, 1, 2, 3, 3, 3, 3, 3, 1, 3, 3, 1, 2, 1
Violations: 0
Best fitness: -2.5896288702077042E7
Best particle: 3, 2, 1, 2, 3, 0, 2, 2, 3, 2, 1, 1, 2, 2, 1, 2, 3, 3, 2, 0, 2, 3, 1, 3, 2, 2, 2, 1, 1, 3, 3, 3, 3, 2, 3, 1, 1, 1, 1, 2, 0, 3, 2, 1, 1, 1, 3, 1, 3, 2, 3, 3, 2, 3, 2, 3, 2, 1, 3, 2, 2, 1, 3, 3, 3, 3, 3, 2, 3, 1, 1, 1, 2
Violations: 0
Best fitness: -9480298.983794022
Best particle: 3, 2, 1, 2, 3, 2, 2, 3, 2, 2, 1, 1, 3, 1, 2, 1, 3, 3, 2, 0, 2, 3, 2, 3, 2, 3, 2, 1, 1, 3, 3, 3, 3, 2, 3, 1, 2, 1, 1, 3, 0, 2, 2, 1, 2, 2, 3, 1, 3, 1, 1, 3, 2, 3, 1, 3, 1, 2, 3, 2, 2, 1, 1, 3, 3, 3, 3, 2, 2, 3, 1, 1, 2
Violations: 0
Best fitness: -1.764339675275695E7
Best particle: 1, 2, 1, 2, 2, 0, 2, 3, 2, 2, 3, 1, 2, 2, 1, 2, 3, 3, 2, 3, 2, 3, 1, 3, 2, 3, 3, 1, 1, 3, 3, 3, 2, 3, 2, 1, 1, 1, 2, 3, 2, 2, 0, 1, 1, 1, 2, 2, 1, 2, 3, 3, 1, 0, 0, 1, 1, 2, 3, 2, 2, 3, 3, 1, 3, 3, 3, 2, 2, 1, 1, 1, 1
Violations: 0
Best fitness: -2.4896403267686024E7
Best particle: 1, 1, 2, 1, 0, 3, 2, 0, 3, 3, 2, 2, 1, 2, 1, 3, 0, 3, 3, 0, 2, 3, 1, 3, 2, 2, 3, 1, 1, 3, 3, 3, 2, 3, 3, 2, 1, 1, 1, 2, 0, 3, 2, 1, 1, 1, 1, 2, 1, 2, 3, 3, 1, 2, 2, 3, 1, 1, 3, 1, 2, 2, 3, 3, 3, 3, 3, 2, 3, 1, 2, 1, 1
Violations: 0
Best fitness: -8592386.400362026
Best particle: 1, 1, 2, 1, 1, 3, 1, 3, 2, 2, 1, 2, 2, 0, 2, 1, 0, 3, 2, 0, 2, 3, 0, 3, 1, 2, 3, 1, 1, 3, 3, 3, 2, 3, 3, 1, 2, 2, 1, 2, 2, 3, 1, 1, 1, 1, 2, 2, 3, 1, 3, 3, 2, 3, 1, 1, 1, 2, 3, 2, 2, 3, 3, 3, 3, 3, 3, 3, 2, 1, 1, 2, 1
Violations: 0
Best fitness: -1.704877537541102E7
Best particle: 2, 2, 1, 2, 2, 1, 2, 1, 3, 3, 1, 1, 2, 3, 1, 3, 3, 2, 3, 2, 3, 2, 3, 2, 3, 3, 3, 1, 2, 2, 0, 2, 3, 1, 1, 3, 1, 1, 2, 3, 1, 1, 3, 2, 1, 1, 2, 3, 2, 2, 3, 3, 2, 1, 2, 3, 1, 2, 3, 1, 3, 2, 1, 3, 2, 3, 3, 3, 3, 2, 2, 1, 2
Violations: 0
Best fitness: -3.567157443146396E7
Best particle: 2, 2, 1, 2, 1, 3, 2, 3, 2, 3, 1, 2, 3, 0, 2, 1, 0, 3, 0, 3, 2, 3, 2, 3, 2, 1, 3, 1, 2, 3, 3, 3, 2, 3, 3, 2, 1, 1, 2, 2, 0, 3, 2, 2, 1, 1, 1, 1, 2, 1, 2, 3, 3, 2, 1, 3, 1, 1, 3, 1, 2, 2, 1, 2, 3, 3, 3, 2, 2, 1, 1, 1, 1
Violations: 0
Best fitness: -1.988232066879196E7
Best particle: 0, 1, 2, 1, 1, 3, 1, 3, 2, 3, 1, 2, 2, 2, 3, 1, 2, 0, 0, 2, 2, 3, 3, 3, 2, 3, 3, 1, 1, 3, 1, 3, 1, 3, 3, 2, 1, 2, 2, 3, 0, 2, 3, 1, 1, 1, 1, 2, 2, 1, 3, 3, 2, 3, 2, 3, 1, 1, 3, 1, 2, 2, 1, 3, 3, 3, 3, 2, 2, 1, 1, 2, 2
Violations: 0
Best fitness: -1.097880115920303E7
Best particle: 2, 2, 1, 3, 2, 3, 3, 2, 3, 3, 1, 1, 2, 1, 3, 1, 1, 2, 0, 2, 2, 3, 1, 3, 2, 2, 3, 1, 2, 3, 0, 3, 2, 3, 3, 1, 1, 1, 1, 3, 3, 0, 2, 1, 2, 2, 2, 1, 2, 2, 3, 3, 2, 3, 2, 2, 1, 1, 3, 1, 2, 3, 3, 3, 3, 3, 1, 3, 3, 1, 1, 2, 1
Violations: 0
Best fitness: -2.2885974779827E7
Best particle: 0, 1, 2, 1, 2, 3, 1, 3, 2, 2, 1, 3, 2, 2, 3, 2, 1, 0, 2, 1, 2, 3, 2, 3, 2, 3, 1, 2, 2, 3, 0, 3, 2, 1, 3, 1, 1, 2, 1, 3, 3, 1, 1, 2, 1, 1, 2, 2, 3, 2, 3, 3, 2, 3, 1, 2, 1, 1, 3, 1, 2, 3, 1, 3, 3, 3, 3, 2, 2, 1, 1, 2, 1
Violations: 0
Best fitness: -2.9018962480176978E7
Best particle: 3, 2, 1, 2, 1, 2, 2, 2, 3, 1, 2, 2, 0, 3, 2, 1, 1, 1, 1, 0, 2, 3, 2, 3, 2, 3, 3, 1, 1, 2, 0, 2, 3, 2, 2, 3, 1, 1, 2, 3, 3, 2, 2, 1, 1, 1, 1, 1, 3, 3, 3, 3, 1, 3, 1, 2, 1, 3, 3, 1, 1, 3, 3, 3, 3, 3, 3, 3, 3, 1, 1, 1, 2
Violations: 0
Best fitness: -2.674401277882103E7
Best particle: 1, 2, 1, 2, 1, 3, 1, 3, 2, 2, 3, 2, 2, 1, 3, 2, 2, 0, 2, 0, 3, 2, 0, 2, 3, 2, 3, 1, 1, 3, 2, 3, 2, 3, 2, 1, 1, 3, 1, 2, 3, 3, 1, 1, 2, 2, 1, 2, 1, 1, 3, 3, 1, 3, 1, 2, 1, 1, 3, 1, 1, 3, 2, 2, 3, 3, 3, 3, 2, 1, 1, 2, 2
Violations: 0
Best fitness: -1.9368502816231977E7
Best particle: 2, 2, 3, 2, 1, 0, 1, 2, 3, 3, 2, 2, 1, 3, 2, 3, 3, 1, 3, 0, 2, 3, 2, 3, 1, 2, 3, 1, 1, 2, 1, 2, 2, 3, 3, 2, 3, 2, 1, 2, 0, 3, 3, 1, 1, 1, 1, 1, 1, 1, 3, 3, 1, 2, 3, 3, 2, 1, 1, 2, 1, 1, 2, 1, 3, 3, 3, 2, 3, 3, 1, 2, 1
Violations: 0
Best fitness: -1.6954793757828027E7
Best particle: 1, 2, 1, 2, 1, 3, 2, 2, 3, 3, 2, 2, 1, 0, 2, 3, 0, 3, 3, 1, 2, 3, 2, 3, 2, 2, 3, 1, 1, 3, 3, 3, 2, 3, 3, 2, 1, 1, 1, 2, 0, 3, 2, 1, 1, 1, 2, 2, 1, 1, 3, 1, 1, 2, 1, 3, 2, 1, 3, 1, 1, 2, 3, 2, 3, 3, 3, 1, 3, 2, 1, 1, 2
Violations: 0
Best fitness: -1.4947098222257057E7
Best particle: 1, 1, 2, 1, 2, 3, 2, 0, 3, 2, 1, 3, 2, 3, 1, 2, 0, 2, 2, 0, 3, 2, 1, 2, 3, 3, 1, 2, 1, 2, 2, 2, 2, 3, 2, 1, 1, 1, 1, 3, 0, 2, 3, 1, 1, 1, 1, 2, 3, 2, 3, 3, 2, 3, 3, 3, 2, 1, 1, 1, 1, 2, 2, 3, 3, 3, 3, 1, 3, 2, 1, 1, 2
Violations: 0
Best fitness: -1.7593845897579055E7
Best particle: 3, 2, 3, 2, 1, 2, 2, 2, 3, 2, 1, 2, 2, 3, 2, 1, 3, 1, 2, 3, 2, 3, 2, 3, 2, 2, 3, 2, 1, 2, 1, 2, 3, 2, 2, 1, 1, 2, 1, 2, 0, 3, 3, 1, 1, 1, 3, 1, 3, 1, 3, 3, 2, 1, 3, 3, 1, 1, 2, 2, 2, 1, 3, 3, 3, 3, 3, 3, 3, 2, 1, 1, 1
Violations: 0
Best fitness: -1.5400152125102028E7
Best particle: 1, 2, 3, 1, 2, 0, 2, 2, 3, 3, 1, 1, 2, 3, 1, 3, 3, 2, 0, 2, 2, 3, 1, 1, 2, 3, 3, 1, 2, 2, 2, 2, 2, 3, 3, 1, 3, 1, 1, 3, 3, 2, 0, 1, 1, 1, 2, 2, 2, 2, 3, 3, 2, 3, 0, 2, 1, 1, 3, 1, 2, 3, 1, 3, 3, 3, 3, 2, 3, 1, 1, 1, 2
Violations: 0
Best fitness: -2.0625222433729954E7
Best particle: 1, 2, 1, 2, 2, 3, 2, 0, 3, 0, 1, 1, 3, 2, 1, 0, 0, 3, 0, 3, 2, 3, 1, 1, 2, 1, 3, 1, 1, 1, 3, 3, 1, 3, 3, 2, 2, 1, 2, 2, 0, 3, 2, 2, 3, 1, 1, 2, 2, 2, 2, 3, 3, 2, 2, 3, 1, 1, 3, 2, 2, 1, 1, 3, 3, 3, 3, 3, 3, 2, 2, 1, 1
Violations: 0
Best fitness: -2.543065202041704E7
0.01
0.01
0.01
0.01
0.01
0.01
0.01
0.01
0.01
0.01
0.01
0.01
0.01
0.01
0.01
0.01
0.01
0.01
0.01
0.01
0.01
0.01
0.01
0.01
0.01
0.01
0.01
0.01
0.01
0.01
0.01
0.01
0.01
0.01
0.01
0.01
0.01
0.01
0.01
0.01
0.01
0.01
0.01
0.01
0.01
0.01
0.01
0.01
0.01
0.01
0.01
0.01
0.01
0.01
0.01
0.01
0.01
0.01
0.01
0.01
0.01
0.01
0.01
0.01
0.01
0.01
0.01
0.01
0.01
0.01
0.01
0.01
0.01
0.01
0.01
0.01
0.01
0.01
0.01
0.01
0.01
0.01
0.01
0.01
0.01
0.01
0.01
0.01
0.01
0.01
0.01
0.01
0.01
0.01
0.01
0.01
0.01
0.01
0.01
0.01
