inRep: 0
0.5000000051369373
0.5000031595055476
0.5007501023501281
0.505302935289677
0.5108569312054585
0.5430799019470881
0.9383766759925842
0.9432054161124932
0.9964354721278244
0.9975149527949614
0.9975401404269433
0.9975402248022038
0.9975402248022038
0.9975422638704332
0.9975438703184765
0.997544063347483
0.9975441180676181
0.9975441314611
0.9975441411418736
0.9975441418057007
0.9975441418057007
0.9975441418057007
0.9975441418089717
0.9975441418089717
0.9975441418089717
0.9975441418089717
0.9975441418089717
0.997544141820819
0.997544141820819
0.997544141820819
0.9975441418235238
0.9975441418283789
0.9975441418283789
0.9975441418283789
0.9975441418283789
0.9975441418283789
0.9975441418283789
0.9975441418283789
0.9975441418283789
0.9975441418283789
0.9975441418283789
0.9975441418283789
0.9975441418283789
0.9975441418283789
0.9975441418283789
0.9975441418283789
0.9975441418283789
0.9975441418284652
0.9975441418284652
0.9975441418284652
0.9975441418284652
0.9975441418284652
0.9975441418284652
0.9975441418284652
0.9975441418284652
0.9975441418284652
0.9975441418284652
0.9975441418284652
0.9975441418284652
0.9975441418284652
0.997544141828495
0.997544141828495
0.997544141828495
0.997544141828495
0.997544141828495
0.997544141828495
0.997544141828495
0.997544141828495
0.997544141828495
0.997544141828495
0.997544141828495
0.997544141828495
0.997544141828495
0.997544141828495
0.997544141828495
0.997544141828495
0.997544141828495
0.997544141828495
0.997544141828495
0.997544141828495
0.997544141828495
0.997544141828495
0.997544141828495
0.997544141828495
0.997544141828495
0.997544141828495
0.997544141828495
0.997544141828495
0.997544141828495
0.997544141828495
0.997544141828495
0.997544141828495
0.997544141828495
0.997544141828495
0.997544141828495
0.997544141828495
0.997544141828495
0.997544141828495
0.997544141828495
0.997544141828495
0.997544141828495
0.997544141828495
0.997544141828495
0.997544141828495
0.997544141828495
0.997544141828495
0.997544141828495
0.997544141828495
0.997544141828495
0.997544141828495
0.997544141828495
0.997544141828495
0.997544141828495
0.997544141828495
0.997544141828495
0.997544141828495
0.997544141828495
0.997544141828495
0.997544141828495
0.997544141828495
0.997544141828495
0.997544141828495
0.997544141828495
0.997544141828495
0.997544141828495
0.997544141828495
0.997544141828495
0.997544141828495
0.997544141828495
0.997544141828495
0.997544141828495
0.997544141828495
0.997544141828495
0.997544141828495
0.997544141828495
0.997544141828495
0.997544141828495
0.997544141828495
0.997544141828495
0.997544141828495
0.997544141828495
0.997544141828495
0.997544141828495
0.997544141828495
0.997544141828495
0.997544141828495
0.997544141828495
0.997544141828495
0.997544141828495
0.997544141828495
0.997544141828495
0.997544141828495
0.997544141828495
0.997544141828495
0.997544141828495
0.997544141828495
0.997544141828495
0.997544141828495
0.997544141828495
0.997544141828495
0.997544141828495
0.997544141828495
0.997544141828495
0.997544141828495
0.997544141828495
0.997544141828495
0.997544141828495
0.997544141828495
0.997544141828495
0.997544141828495
0.997544141828495
0.997544141828495
0.997544141828495
0.997544141828495
0.997544141828495
0.997544141828495
0.997544141828495
0.997544141828495
0.997544141828495
0.997544141828495
0.997544141828495
0.997544141828495
0.997544141828495
0.997544141828495
0.997544141828495
0.997544141828495
0.997544141828495
0.997544141828495
0.997544141828495
0.997544141828495
0.997544141828495
0.997544141828495
0.997544141828495
0.997544141828495
0.997544141828495
0.997544141828495
0.997544141828495
0.997544141828495
0.9975441418284967
0.9975441418284967
0.9975441418284967
0.9975441418284967
0.9975441418284967
0.9975441418284967
0.9975441418284967
0.9975441418284967
0.9975441418284967
0.9975441418284967
0.9975441418284967
0.9975441418284967
0.9975441418284967
0.9975441418284967
0.9975441418284967
0.9975441418284967
0.9975441418284967
0.9975441418284967
0.9975441418284967
0.9975441418284967
0.9975441418284967
0.9975441418284967
0.9975441418285022
0.9975441418285022
0.9975441418285022
0.9975441418285022
0.9975441418285022
0.9975441418285022
0.9975441418285022
0.9975441418285022
0.9975441418285022
0.9975441418285022
0.9975441418285022
0.9975441418285022
0.9975441418285022
0.9975441418285022
0.9975441418285022
0.9975441418285022
0.9975441418285022
0.9975441418285022
0.9975441418285022
0.9975441418285022
0.9975441418285022
0.9975441418285022
0.9975441418285022
0.9975441418285022
0.9975441418285022
0.9975441418285022
0.9975441418285022
0.9975441418285022
0.9975441418285022
0.9975441418285022
0.9975441418285022
0.9975441418285022
0.9975441418285022
0.9975441418285022
0.9975441418285022
0.9975441418285022
0.9975441418285022
0.9975441418285022
0.9975441418285022
0.9975441418285022
0.9975441418285022
0.9975441418285022
0.9975441418285022
0.9975441418285022
0.9975441418285022
0.9975441418285022
0.9975441418285022
0.9975441418285022
0.9975441418285022
0.9975441418285022
0.9975441418285022
0.9975441418285022
0.9975441418285022
0.9975441418285022
0.9975441418285022
0.9975441418285022
0.9975441418285022
0.9975441418285022
0.9975441418285022
0.9975441418285022
0.9975441418285022
0.9975441418285022
0.9975441418285022
0.9975441418285022
0.9975441418285022
0.9975441418285022
0.9975441418285022
0.9975441418285022
0.9975441418285022
0.9975441418285022
0.9975441418285022
0.9975441418285022
0.9975441418285022
0.9975441418285022
0.9975441418285022
0.9975441418285022
0.9975441418285022
0.9975441418285022
0.9975441418285022
0.9975441418285022
0.9975441418285022
0.9975441418285022
0.9975441418285022
0.9975441418285022
0.9975441418285022
0.9975441418285022
0.9975441418285022
0.9975441418285022
0.9975441418285022
0.9975441418285022
0.9975441418285022
0.9975441418285022
0.9975441418285022
0.9975441418285022
0.9975441418285022
0.9975441418285022
0.9975441418285022
0.9975441418285022
0.9975441418285022
0.9975441418285022
0.9975441418285022
0.9975441418285022
0.9975441418285022
0.9975441418285022
0.9975441418285022
0.9975441418285022
0.9975441418285022
0.9975441418285022
0.9975441418285022
0.9975441418285022
0.9975441418285022
0.9975441418285022
0.9975441418285022
0.9975441418285022
0.9975441418285022
0.9975441418285022
0.9975441418285022
0.9975441418285022
0.9975441418285022
0.9975441418285022
0.9975441418285022
0.9975441418285022
0.9975441418285022
0.9975441418285022
0.9975441418285022
0.9975441418285022
0.9975441418285022
0.9975441418285022
0.9975441418285022
0.9975441418285022
0.9975441418285022
0.9975441418285022
0.9975441418285022
0.9975441418285022
0.9975441418285022
0.9975441418285022
0.9975441418285022
0.9975441418285022
0.9975441418285022
0.9975441418285022
0.9975441418285022
0.9975441418285022
0.9975441418285022
0.9975441418285022
0.9975441418285022
0.9975441418285022
0.9975441418285022
0.9975441418285022
0.9975441418285022
0.9975441418285022
0.9975441418285022
0.9975441418285022
0.9975441418285022
0.9975441418285022
0.9975441418285022
0.9975441418285022
0.9975441418285022
0.9975441418285022
0.9975441418285022
0.9975441418285022
0.9975441418285022
0.9975441418285022
0.9975441418285022
0.9975441418285022
0.9975441418285022
0.9975441418285022
0.9975441418285022
0.9975441418285022
0.9975441418285022
0.9975441418285022
0.9975441418285022
0.9975441418285022
0.9975441418285022
0.9975441418285022
0.9975441418285022
0.9975441418285022
0.9975441418285022
0.9975441418285022
0.9975441418285022
0.9975441418285022
0.9975441418285022
0.9975441418285022
0.9975441418285022
0.9975441418285022
0.9975441418285022
0.9975441418285022
0.9975441418285022
0.9975441418285022
0.9975441418285022
0.9975441418285022
0.9975441418285022
0.9975441418285022
0.9975441418285022
0.9975441418285022
0.9975441418285022
0.9975441418285022
0.9975441418285022
0.9975441418285022
0.9975441418285022
0.9975441418285022
0.9975441418285022
0.9975441418285022
0.9975441418285022
0.9975441418285022
0.9975441418285022
0.9975441418285022
0.9975441418285022
0.9975441418285022
0.9975441418285022
0.9975441418285022
0.9975441418285022
0.9975441418285022
0.9975441418285022
0.9975441418285022
0.9975441418285022
0.9975441418285022
0.9975441418285022
0.9975441418285022
0.9975441418285022
0.9975441418285022
0.9975441418285022
0.9975441418285022
0.9975441418285022
0.9975441418285022
0.9975441418285022
0.9975441418285022
0.9975441418285022
0.9975441418285022
0.9975441418285022
0.9975441418285022
0.9975441418285022
0.9975441418285022
0.9975441418285022
0.9975441418285022
0.9975441418285022
0.9975441418285022
0.9975441418285022
0.9975441418285022
0.9975441418285022
0.9975441418285022
0.9975441418285022
0.9975441418285022
0.9975441418285022
0.9975441418285022
0.9975441418285022
0.9975441418285022
0.9975441418285022
0.9975441418285022
0.9975441418285022
0.9975441418285022
0.9975441418285022
0.9975441418285022
0.9975441418285022
0.9975441418285022
0.9975441418285022
0.9975441418285022
0.9975441418285022
0.9975441418285022
0.9975441418285022
0.9975441418285022
0.9975441418285022
0.9975441418285022
0.9975441418285022
0.9975441418285022
0.9975441418285022
0.9975441418285022
0.9975441418285022
0.9975441418285022
0.9975441418285022
0.9975441418285022
0.9975441418285022
0.9975441418285022
0.9975441418285022
0.9975441418285022
0.9975441418285022
0.9975441418285022
0.9975441418285022
0.9975441418285022
0.9975441418285022
0.9975441418285022
0.9975441418285022
0.9975441418285022
0.9975441418285022
0.9975441418285022
0.9975441418285022
0.9975441418285022
0.9975441418285022
0.9975441418285022
0.9975441418285022
0.9975441418285022
0.9975441418285022
0.9975441418285022
0.9975441418285022
0.9975441418285022
0.9975441418285022
0.9975441418285022
0.9975441418285022
0.9975441418285022
0.9975441418285022
0.9975441418285022
0.9975441418285022
0.9975441418285022
0.9975441418285022
0.9975441418285022
0.9975441418285022
0.9975441418285022
0.9975441418285022
0.9975441418285022
0.9975441418285022
0.9975441418285022
0.9975441418285022
0.9975441418285022
0.9975441418285022
0.9975441418285022
0.9975441418285022
0.9975441418285022
0.9975441418285022
0.9975441418285022
0.9975441418285022
0.9975441418285022
0.9975441418285022
0.9975441418285022
0.9975441418285022
0.9975441418285022
0.9975441418285022
0.9975441418285022
0.9975441418285022
0.9975441418285022
0.9975441418285022
0.9975441418285022
0.9975441418285022
0.9975441418285022
0.9975441418285022
0.9975441418285032
0.9975441418285032
0.9975441418285032
0.9975441418285032
0.9975441418285032
0.9975441418285032
0.9975441418285032
0.9975441418285032
0.9975441418285032
0.9975441418285032
0.9975441418285032
0.9975441418285032
0.9975441418285032
0.9975441418285032
0.9975441418285032
0.9975441418285032
0.9975441418285032
0.9975441418285032
0.9975441418285032
0.9975441418285032
0.9975441418285032
0.9975441418285032
0.9975441418285032
0.9975441418285032
0.9975441418285032
0.9975441418285032
0.9975441418285032
0.9975441418285032
0.9975441418285032
0.9975441418285032
0.9975441418285032
0.9975441418285032
0.9975441418285032
0.9975441418285032
0.9975441418285032
0.9975441418285032
0.9975441418285032
0.9975441418285032
0.9975441418285032
0.9975441418285032
0.9975441418285032
0.9975441418285032
0.9975441418285032
0.9975441418285032
0.9975441418285032
0.9975441418285032
0.9975441418285032
0.9975441418285032
0.9975441418285032
0.9975441418285032
0.9975441418285032
0.9975441418285032
0.9975441418285032
0.9975441418285032
0.9975441418285032
0.9975441418285032
0.9975441418285032
0.9975441418285032
0.9975441418285032
0.9975441418285032
0.9975441418285032
0.9975441418285032
0.9975441418285032
0.9975441418285032
0.9975441418285032
0.9975441418285032
0.9975441418285032
0.9975441418285032
0.9975441418285032
0.9975441418285032
0.9975441418285032
0.9975441418285032
0.9975441418285032
0.9975441418285032
0.9975441418285032
0.9975441418285032
0.9975441418285032
0.9975441418285032
0.9975441418285032
0.9975441418285032
0.9975441418285032
0.9975441418285032
0.9975441418285032
0.9975441418285032
0.9975441418285032
0.9975441418285032
0.9975441418285032
0.9975441418285032
0.9975441418285032
0.9975441418285032
0.9975441418285032
0.9975441418285032
0.9975441418285032
0.9975441418285032
0.9975441418285032
0.9975441418285032
0.9975441418285032
0.9975441418285032
0.9975441418285032
0.9975441418285032
0.9975441418285032
0.9975441418285032
0.9975441418285032
0.9975441418285032
0.9975441418285032
0.9975441418285032
0.9975441418285032
0.9975441418285032
0.9975441418285032
0.9975441418285032
0.9975441418285032
0.9975441418285032
0.9975441418285032
0.9975441418285032
0.9975441418285032
0.9975441418285032
0.9975441418285032
0.9975441418285032
0.9975441418285032
0.9975441418285032
0.9975441418285032
0.9975441418285032
0.9975441418285032
0.9975441418285032
0.9975441418285032
0.9975441418285032
0.9975441418285032
0.9975441418285032
0.9975441418285032
0.9975441418285032
0.9975441418285032
0.9975441418285032
0.9975441418285032
0.9975441418285032
0.9975441418285032
0.9975441418285032
0.9975441418285032
0.9975441418285032
0.9975441418285032
0.9975441418285032
0.9975441418285032
0.9975441418285032
0.9975441418285032
0.9975441418285032
0.9975441418285032
0.9975441418285032
0.9975441418285032
0.9975441418285032
0.9975441418285032
0.9975441418285032
0.9975441418285032
0.9975441418285032
0.9975441418285032
0.9975441418285032
0.9975441418285032
0.9975441418285032
0.9975441418285032
0.9975441418285032
0.9975441418285032
0.9975441418285032
0.9975441418285032
0.9975441418285032
0.9975441418285032
0.9975441418285032
0.9975441418285032
0.9975441418285032
0.9975441418285032
0.9975441418285032
0.9975441418285032
0.9975441418285032
0.9975441418285032
0.9975441418285032
0.9975441418285032
0.9975441418285032
0.9975441418285032
0.9975441418285032
0.9975441418285032
0.9975441418285032
0.9975441418285032
0.9975441418285032
0.9975441418285032
0.9975441418285032
0.9975441418285032
0.9975441418285032
0.9975441418285032
0.9975441418285032
0.9975441418285032
0.9975441418285032
0.9975441418285032
0.9975441418285032
0.9975441418285032
0.9975441418285032
0.9975441418285032
0.9975441418285032
0.9975441418285032
0.9975441418285032
0.9975441418285032
0.9975441418285032
0.9975441418285032
0.9975441418285032
0.9975441418285032
0.9975441418285032
0.9975441418285032
0.9975441418285032
0.9975441418285032
0.9975441418285032
0.9975441418285032
0.9975441418285032
0.9975441418285032
0.9975441418285032
0.9975441418285032
0.9975441418285032
0.9975441418285032
0.9975441418285032
0.9975441418285032
0.9975441418285032
0.9975441418285032
0.9975441418285032
0.9975441418285032
0.9975441418285032
0.9975441418285032
0.9975441418285032
0.9975441418285032
0.9975441418285032
0.9975441418285032
0.9975441418285032
0.9975441418285032
0.9975441418285032
0.9975441418285032
0.9975441418285032
0.9975441418285032
0.9975441418285032
0.9975441418285032
0.9975441418285032
0.9975441418285032
0.9975441418285032
0.9975441418285032
0.9975441418285032
0.9975441418285032
0.9975441418285032
0.9975441418285032
0.9975441418285032
0.9975441418285032
0.9975441418285032
0.9975441418285032
0.9975441418285032
0.9975441418285032
0.9975441418285032
0.9975441418285032
0.9975441418285032
0.9975441418285032
0.9975441418285032
0.9975441418285032
0.9975441418285032
0.9975441418285032
0.9975441418285032
0.9975441418285032
0.9975441418285032
0.9975441418285032
0.9975441418285032
0.9975441418285032
0.9975441418285032
0.9975441418285032
0.9975441418285032
0.9975441418285032
0.9975441418285032
0.9975441418285032
0.9975441418285032
0.9975441418285032
0.9975441418285032
0.9975441418285032
0.9975441418285032
0.9975441418285032
0.9975441418285032
0.9975441418285032
0.9975441418285032
0.9975441418285032
0.9975441418285032
0.9975441418285032
0.9975441418285032
0.9975441418285032
0.9975441418285032
0.9975441418285032
0.9975441418285032
0.9975441418285032
0.9975441418285032
0.9975441418285032
0.9975441418285032
0.9975441418285032
0.9975441418285032
0.9975441418285032
0.9975441418285032
0.9975441418285032
0.9975441418285032
0.9975441418285032
0.9975441418285032
0.9975441418285032
0.9975441418285032
0.9975441418285032
0.9975441418285032
0.9975441418285032
0.9975441418285032
0.9975441418285032
0.9975441418285032
0.9975441418285032
0.9975441418285032
0.9975441418285032
0.9975441418285032
0.9975441418285032
0.9975441418285032
0.9975441418285032
0.9975441418285032
0.9975441418285032
0.9975441418285032
0.9975441418285032
0.9975441418285032
0.9975441418285032
0.9975441418285032
0.9975441418285032
0.9975441418285032
0.9975441418285032
0.9975441418285032
0.9975441418285032
0.9975441418285032
0.9975441418285032
0.9975441418285032
0.9975441418285032
0.9975441418285032
0.9975441418285032
0.9975441418285032
0.9975441418285032
0.9975441418285032
0.9975441418285032
0.9975441418285032
0.9975441418285032
0.9975441418285032
0.9975441418285032
0.9975441418285032
0.9975441418285032
0.9975441418285032
0.9975441418285032
0.9975441418285032
0.9975441418285032
0.9975441418285032
0.9975441418285032
0.9975441418285032
0.9975441418285032
0.9975441418285032
0.9975441418285032
0.9975441418285032
0.9975441418285032
0.9975441418285032
0.9975441418285032
0.9975441418285032
0.9975441418285032
0.9975441418285032
0.9975441418285032
0.9975441418285032
0.9975441418285032
0.9975441418285032
0.9975441418285032
0.9975441418285032
0.9975441418285032
0.9975441418285032
0.9975441418285032
0.9975441418285032
0.9975441418285032
0.9975441418285032
0.9975441418285032
0.9975441418285032
0.9975441418285032
0.9975441418285032
0.9975441418285032
0.9975441418285032
0.9975441418285032
0.9975441418285032
0.9975441418285032
0.9975441418285032
0.9975441418285032
0.9975441418285032
0.9975441418285032
0.9975441418285032
0.9975441418285032
0.9975441418285032
0.9975441418285032
0.9975441418285032
0.9975441418285032
0.9975441418285032
0.9975441418285032
0.9975441418285032
0.9975441418285032
0.9975441418285032
0.9975441418285032
0.9975441418285032
0.9975441418285032
0.9975441418285032
0.9975441418285032
0.9975441418285032
0.9975441418285032
0.9975441418285032
0.9975441418285032
0.9975441418285032
0.9975441418285032
0.9975441418285032
0.9975441418285032
0.9975441418285032
0.9975441418285032
0.9975441418285032
0.9975441418285032
0.9975441418285032
0.9975441418285032
0.9975441418285032
0.9975441418285032
0.9975441418285032
0.9975441418285032
0.9975441418285032
0.9975441418285032
0.9975441418285032
0.9975441418285032
0.9975441418285032
0.9975441418285032
0.9975441418285032
0.9975441418285032
0.9975441418285032
0.9975441418285032
0.9975441418285032
0.9975441418285032
0.9975441418285032
0.9975441418285032
0.9975441418285032
0.9975441418285032
0.9975441418285032
0.9975441418285032
0.9975441418285032
0.9975441418285032
0.9975441418285032
0.9975441418285032
0.9975441418285032
0.9975441418285032
0.9975441418285032
0.9975441418285032
0.9975441418285032
0.9975441418285032
0.9975441418285032
0.9975441418285032
0.9975441418285032
0.9975441418285032
0.9975441418285032
0.9975441418285032
0.9975441418285032
0.9975441418285032
0.9975441418285032
0.9975441418285032
0.9975441418285032
0.9975441418285032
0.9975441418285032
0.9975441418285032
0.9975441418285032
0.9975441418285032
0.9975441418285032
0.9975441418285032
0.9975441418285032
0.9975441418285032
0.9975441418285032
0.9975441418285032
0.9975441418285032
0.9975441418285032
0.9975441418285032
0.9975441418285032
0.9975441418285032
0.9975441418285032
0.9975441418285032
0.9975441418285032
0.9975441418285032
0.9975441418285032
0.9975441418285032
0.9975441418285032
0.9975441418285032
0.9975441418285032
0.9975441418285032
0.9975441418285032
0.9975441418285032
0.9975441418285032
0.9975441418285032
0.9975441418285032
0.9975441418285032
0.9975441418285032
0.9975441418285032
0.9975441418285032
0.9975441418285032
0.9975441418285032
0.9975441418285032
0.9975441418285032
0.9975441418285032
0.9975441418285032
0.9975441418285032
0.9975441418285032
0.9975441418285032
0.9975441418285032
0.9975441418285032
0.9975441418285032
0.9975441418285032
Best gene:    -0.17259125056058622, -1.5597108744885588
Best fitness: 0.9975441418285032
1.0
