inRep: 0
0.5005790090763629
0.5005790090763629
0.5076152597745426
0.5076152597745426
0.5076152597745426
0.5086787925772381
0.5090883675512513
0.5102708465615268
0.5104048416948108
0.5104081069333731
0.5104295369233954
0.5104298695388473
0.510430996094794
0.5104310635074512
0.5104310911413064
0.5104310911413064
0.5104312018563979
0.5104312020171798
0.5104312020171798
0.5104312020171798
0.5104312020171798
0.5104312020171798
0.5117573817521295
0.5117573817521295
0.5117573817521295
0.5147382900460444
0.5147382900460444
0.5152793139005529
0.5170940961684148
0.5171413000199331
0.5171795833903695
0.5171819615466835
0.517200925160745
0.517200925160745
0.5621525929397566
0.5621763839094663
0.5622100122251259
0.5622100122251259
0.7701252057369061
0.7701252057369061
0.8458598624188269
0.8464731864416475
0.846508570473965
0.846515923597654
0.846515923597654
0.8465332849197008
0.8465332849197008
0.8465341928764616
0.8465385040516917
0.8465385040516917
0.8465385040516917
0.8466505555625639
0.8466522452633866
0.8466522452633866
0.8466522452633866
0.8466522452633866
0.8466522452633866
0.8466522452633866
0.8466522452633866
0.8466522452633866
0.8466522452633866
0.8466522452633866
0.8466522452633866
0.8466522452633866
0.8466522452633866
0.8466522452633866
0.8466522452633866
0.8466522452633866
0.8472957751879495
0.8472957751879495
0.8472972662037128
0.8472972662037128
0.8473992568282558
0.847399371747626
0.8473999295662262
0.8473999295662262
0.8473999295662262
0.8473999295662262
0.8473999295662262
0.8473999295662262
0.8473999295662262
0.8473999295662262
0.8473999295662262
0.8473999295662262
0.8473999295662262
0.8473999295662262
0.8473999295662262
0.8473999295662262
0.8473999295662262
0.8473999295662262
0.8473999295662262
0.8512378572857751
0.8512378572857751
0.8512378572857751
0.8809729777126091
0.8809729777126091
0.9479433623555222
0.9621318821742051
0.968239957065701
0.9710310201153514
0.9711591177057106
0.9711909712548813
0.9712207570267452
0.9712207570267452
0.9866606230104346
0.9866606230104346
0.9877047118653621
0.9974890488176944
0.9975403638314999
0.9975441418060611
0.9975441418060611
0.9975441418196627
0.9975441418196627
0.9975441418196627
0.9975441418258146
0.9975441418258146
0.9975441418280626
0.9975441418282645
0.9975441418282645
0.9975441418282645
0.9975441418282645
0.9975441418282645
0.9975441418282645
0.9975441418282645
0.9975441418282645
0.9975441418282645
0.9975441418282645
0.9975441418282645
0.9975441418282645
0.9975441418282645
0.9975441418282645
0.9975441418282645
0.9975441418282645
0.9975441418282645
0.9975441418282645
0.9975441418282645
0.9975441418282645
0.9975441418282645
0.9975441418282645
0.9975441418282645
0.9975441418282645
0.9975441418282645
0.9975441418282645
0.9975441418282645
0.9975441418282645
0.9975441418282645
0.9975441418282645
0.9975441418282645
0.9975441418282645
0.9975441418282645
0.9975441418282645
0.9975441418282645
0.9975441418282645
0.9975441418282645
0.9975441418282645
0.9975441418282645
0.9975441418282645
0.9975441418282645
0.9975441418282645
0.9975441418282645
0.9975441418282645
0.9975441418282645
0.9975441418282645
0.9975441418282645
0.9975441418282645
0.9975441418282645
0.9975441418282645
0.9975441418282645
0.9975441418282645
0.9975441418282645
0.9975441418282645
0.9975441418282645
0.9975441418282645
0.9975441418282645
0.9975441418282645
0.9975441418282645
0.9975441418282645
0.9975441418282645
0.9975441418282645
0.9975441418282645
0.9975441418282645
0.9975441418282645
0.9975441418282645
0.9975441418282645
0.9975441418282645
0.9975441418282645
0.9975441418282645
0.9975441418282645
0.9975441418282645
0.9975441418282645
0.9975441418282645
0.9975441418282645
0.9975441418282645
0.9975441418282645
0.9975441418282645
0.9975441418282645
0.9975441418282645
0.9975441418282645
0.9975441418282645
0.9975441418282645
0.9975441418282645
0.9975441418282645
0.9975441418282645
0.9975441418282645
0.9975441418282645
0.9975441418282645
0.9975441418282645
0.9975441418282645
0.9975441418282645
0.9975441418282645
0.9975441418282645
0.9975441418282645
0.9975441418282645
0.9975441418282645
0.9975441418282645
0.9975441418282645
0.9975441418282645
0.9975441418282645
0.9975441418282645
0.9975441418282645
0.9975441418282645
0.9975441418282645
0.9975441418282645
0.9975441418282645
0.9975441418282645
0.9975441418282645
0.9975441418282645
0.9975441418282645
0.9975441418282645
0.9975441418282645
0.9975441418282645
0.9975441418282645
0.9975441418282645
0.9975441418282645
0.9975441418282645
0.9975441418282645
0.9975441418282645
0.9975441418282645
0.9975441418282645
0.9975441418282645
0.9975441418282645
0.9975441418282645
0.9975441418282645
0.9975441418282645
0.9975441418282645
0.9975441418282645
0.9975441418282645
0.9975441418282645
0.9975441418282645
0.9975441418282645
0.9975441418282645
0.9975441418282645
0.9975441418282645
0.9975441418282645
0.9975441418282645
0.9975441418282645
0.9975441418282645
0.9975441418282645
0.9975441418282645
0.9975441418282645
0.9975441418282645
0.9975441418282645
0.9975441418282645
0.9975441418282645
0.9975441418282645
0.9975441418282645
0.9975441418282645
0.9975441418282645
0.9975441418282645
0.9975441418282645
0.9975441418282645
0.9975441418282645
0.9975441418282645
0.9975441418282645
0.9975441418282645
0.9975441418282645
0.9975441418282645
0.9975441418282645
0.9975441418282645
0.9975441418282645
0.9975441418282645
0.9975441418282645
0.9975441418282645
0.9975441418282645
0.9975441418282645
0.9975441418282645
0.9975441418282645
0.9975441418282645
0.9975441418282645
0.9975441418283617
0.9975441418283617
0.9975441418283617
0.9975441418283617
0.9975441418283617
0.9975441418283617
0.9975441418283617
0.9975441418283617
0.9975441418283617
0.9975441418283617
0.9975441418283617
0.9975441418283617
0.9975441418283617
0.9975441418283617
0.9975441418283617
0.9975441418283617
0.9975441418283617
0.9975441418283617
0.9975441418283617
0.9975441418283617
0.9975441418283617
0.9975441418283617
0.9975441418283617
0.9975441418283617
0.9975441418283617
0.9975441418283617
0.9975441418283617
0.9975441418283617
0.9975441418283617
0.9975441418283617
0.9975441418283617
0.9975441418283617
0.9975441418283617
0.9975441418283617
0.9975441418283617
0.9975441418283617
0.9975441418283617
0.9975441418283617
0.9975441418283617
0.9975441418283617
0.9975441418283617
0.9975441418283617
0.9975441418283617
0.9975441418283617
0.9975441418283617
0.9975441418283617
0.9975441418283617
0.9975441418283617
0.9975441418283617
0.9975441418283617
0.9975441418283617
0.9975441418283617
0.9975441418283617
0.9975441418283617
0.9975441418283617
0.9975441418283617
0.9975441418283617
0.9975441418283617
0.9975441418283617
0.9975441418283617
0.9975441418283617
0.9975441418283617
0.9975441418283617
0.9975441418283617
0.9975441418283617
0.9975441418283617
0.9975441418283617
0.9975441418283617
0.9975441418283617
0.9975441418283617
0.9975441418283617
0.9975441418283617
0.9975441418283617
0.9975441418283617
0.9975441418283617
0.9975441418283617
0.9975441418283617
0.9975441418283617
0.9975441418283617
0.9975441418283617
0.9975441418283617
0.9975441418283617
0.9975441418283617
0.9975441418283617
0.9975441418283617
0.9975441418283617
0.9975441418283617
0.9975441418283617
0.9975441418283617
0.9975441418283617
0.9975441418283617
0.9975441418283617
0.9975441418283617
0.9975441418283617
0.9975441418283617
0.9975441418283617
0.9975441418283617
0.9975441418283617
0.9975441418283617
0.9975441418283617
0.9975441418283617
0.9975441418283617
0.9975441418283617
0.9975441418283617
0.9975441418283617
0.9975441418283617
0.9975441418283617
0.9975441418283617
0.9975441418283617
0.9975441418283617
0.9975441418283617
0.9975441418283617
0.9975441418283617
0.9975441418283617
0.9975441418283617
0.9975441418283617
0.9975441418283617
0.9975441418283617
0.9975441418283617
0.9975441418283617
0.9975441418283617
0.9975441418283617
0.9975441418283617
0.9975441418283617
0.9975441418283617
0.9975441418283617
0.9975441418283617
0.9975441418283617
0.9975441418283617
0.9975441418283617
0.9975441418283617
0.9975441418283617
0.9975441418283617
0.9975441418283617
0.9975441418283617
0.9975441418283617
0.9975441418283617
0.9975441418283617
0.9975441418283617
0.9975441418283617
0.9975441418283617
0.9975441418283617
0.9975441418283617
0.9975441418283617
0.9975441418283617
0.9975441418283617
0.9975441418283617
0.9975441418283617
0.9975441418283617
0.9975441418283617
0.9975441418283617
0.9975441418283617
0.9975441418283617
0.9975441418283617
0.9975441418283617
0.9975441418283617
0.9975441418283617
0.9975441418283617
0.9975441418283617
0.9975441418283617
0.9975441418283617
0.9975441418283617
0.9975441418283617
0.9975441418283617
0.9975441418283617
0.9975441418283617
0.9975441418283617
0.9975441418283617
0.9975441418283617
0.9975441418283617
0.9975441418283617
0.9975441418283617
0.9975441418283617
0.9975441418283617
0.9975441418283617
0.9975441418283617
0.9975441418283617
0.9975441418283617
0.9975441418283617
0.9975441418283617
0.9975441418283617
0.9975441418283617
0.9975441418283617
0.9975441418283617
0.9975441418283617
0.9975441418283617
0.9975441418283617
0.9975441418283617
0.9975441418283617
0.9975441418283617
0.9975441418283617
0.9975441418283617
0.9975441418283617
0.9975441418283617
0.9975441418283617
0.9975441418283617
0.9975441418283617
0.9975441418283617
0.9975441418283617
0.9975441418283617
0.9975441418283617
0.9975441418283617
0.9975441418283617
0.9975441418283617
0.9975441418283617
0.9975441418283617
0.9975441418283617
0.9975441418283617
0.9975441418283617
0.9975441418283617
0.9975441418283617
0.9975441418283617
0.9975441418283617
0.9975441418283617
0.9975441418283617
0.9975441418283617
0.9975441418283617
0.9975441418283617
0.9975441418283617
0.9975441418283617
0.9975441418284863
0.9975441418284985
0.9975441418284985
0.9975441418284985
0.9975441418284985
0.9975441418284985
0.9975441418284985
0.9975441418284985
0.9975441418284985
0.9975441418284985
0.9975441418284985
0.9975441418284985
0.9975441418284985
0.9975441418284985
0.9975441418284985
0.9975441418284985
0.9975441418284985
0.9975441418284985
0.9975441418284985
0.9975441418284985
0.9975441418284985
0.9975441418284985
0.9975441418284985
0.9975441418284985
0.9975441418284985
0.9975441418284985
0.9975441418284985
0.9975441418284985
0.9975441418284985
0.9975441418284985
0.9975441418284985
0.9975441418284985
0.9975441418284985
0.9975441418284985
0.9975441418284985
0.9975441418284985
0.9975441418284985
0.9975441418284985
0.9975441418284985
0.9975441418284985
0.9975441418284985
0.9975441418284985
0.9975441418284985
0.9975441418284985
0.9975441418284985
0.9975441418284985
0.9975441418284985
0.9975441418284985
0.9975441418284985
0.9975441418284985
0.9975441418284985
0.9975441418284985
0.9975441418284985
0.9975441418284985
0.9975441418284985
0.9975441418284985
0.9975441418284985
0.9975441418284985
0.9975441418284985
0.9975441418284985
0.9975441418284985
0.9975441418284985
0.9975441418284985
0.9975441418284985
0.9975441418284985
0.9975441418284985
0.9975441418284985
0.9975441418284985
0.9975441418284985
0.9975441418284985
0.9975441418284985
0.9975441418284985
0.9975441418284985
0.9975441418284985
0.9975441418284985
0.9975441418284985
0.9975441418284985
0.9975441418284985
0.9975441418284985
0.9975441418284985
0.9975441418284985
0.9975441418284985
0.9975441418284985
0.9975441418284985
0.9975441418284985
0.9975441418284985
0.9975441418284985
0.9975441418284985
0.9975441418284985
0.9975441418284985
0.9975441418284985
0.9975441418284985
0.9975441418284985
0.9975441418284985
0.9975441418284985
0.9975441418284985
0.9975441418284985
0.9975441418284985
0.9975441418284985
0.9975441418284985
0.9975441418284985
0.9975441418284985
0.9975441418284985
0.9975441418284985
0.9975441418284985
0.9975441418284985
0.9975441418284985
0.9975441418284985
0.9975441418284985
0.9975441418284985
0.9975441418284985
0.9975441418284985
0.9975441418284985
0.9975441418284985
0.9975441418284985
0.9975441418284985
0.9975441418284985
0.9975441418284985
0.9975441418284985
0.9975441418284985
0.9975441418284985
0.9975441418284985
0.9975441418284985
0.9975441418284985
0.9975441418284985
0.9975441418284985
0.9975441418284985
0.9975441418284985
0.9975441418284985
0.9975441418284985
0.9975441418284985
0.9975441418284985
0.9975441418284985
0.9975441418284985
0.9975441418284985
0.9975441418284985
0.9975441418284985
0.9975441418284985
0.9975441418284985
0.9975441418284985
0.9975441418284985
0.9975441418284985
0.9975441418284985
0.9975441418284985
0.9975441418284985
0.9975441418284985
0.9975441418284985
0.9975441418284985
0.9975441418284985
0.9975441418284985
0.9975441418284985
0.9975441418284985
0.9975441418284985
0.9975441418284985
0.9975441418284985
0.9975441418284985
0.9975441418284985
0.9975441418284985
0.9975441418284985
0.9975441418284985
0.9975441418284985
0.9975441418284985
0.9975441418284985
0.9975441418284985
0.9975441418284985
0.9975441418284985
0.9975441418284985
0.9975441418284985
0.9975441418284985
0.9975441418284985
0.9975441418284985
0.9975441418284985
0.9975441418284985
0.9975441418284985
0.9975441418284985
0.9975441418284985
0.9975441418284985
0.9975441418284985
0.9975441418284985
0.9975441418284985
0.9975441418284985
0.9975441418284985
0.9975441418284985
0.9975441418284985
0.9975441418284985
0.9975441418284985
0.9975441418284985
0.9975441418284985
0.9975441418284985
0.9975441418284985
0.9975441418284985
0.9975441418284985
0.9975441418284985
0.9975441418284985
0.9975441418284985
0.9975441418284985
0.9975441418284985
0.9975441418284985
0.9975441418284985
0.9975441418284985
0.9975441418284985
0.9975441418284985
0.9975441418284985
0.9975441418284985
0.9975441418284985
0.9975441418284985
0.9975441418284985
0.9975441418284985
0.9975441418284985
0.9975441418284985
0.9975441418284985
0.9975441418284985
0.9975441418284985
0.9975441418284985
0.9975441418284985
0.9975441418284985
0.9975441418284985
0.9975441418284985
0.9975441418284985
0.9975441418284985
0.9975441418284985
0.9975441418284985
0.9975441418284985
0.9975441418284985
0.9975441418284985
0.9975441418284985
0.9975441418284985
0.9975441418284985
0.9975441418284985
0.9975441418284985
0.9975441418284985
0.9975441418284985
0.9975441418284985
0.9975441418284985
0.9975441418284985
0.9975441418284985
0.9975441418284985
0.9975441418284985
0.9975441418284985
0.9975441418284985
0.9975441418284985
0.9975441418284985
0.9975441418284985
0.9975441418284985
0.9975441418284985
0.9975441418284985
0.9975441418285032
0.9975441418285032
0.9975441418285032
0.9975441418285032
0.9975441418285032
0.9975441418285032
0.9975441418285032
0.9975441418285032
0.9975441418285032
0.9975441418285032
0.9975441418285032
0.9975441418285032
0.9975441418285032
0.9975441418285032
0.9975441418285032
0.9975441418285032
0.9975441418285032
0.9975441418285032
0.9975441418285032
0.9975441418285032
0.9975441418285032
0.9975441418285032
0.9975441418285032
0.9975441418285032
0.9975441418285032
0.9975441418285032
0.9975441418285032
0.9975441418285032
0.9975441418285032
0.9975441418285032
0.9975441418285032
0.9975441418285032
0.9975441418285032
0.9975441418285032
0.9975441418285032
0.9975441418285032
0.9975441418285032
0.9975441418285032
0.9975441418285032
0.9975441418285032
0.9975441418285032
0.9975441418285032
0.9975441418285032
0.9975441418285032
0.9975441418285032
0.9975441418285032
0.9975441418285032
0.9975441418285032
0.9975441418285032
0.9975441418285032
0.9975441418285032
0.9975441418285032
0.9975441418285032
0.9975441418285032
0.9975441418285032
0.9975441418285032
0.9975441418285032
0.9975441418285032
0.9975441418285032
0.9975441418285032
0.9975441418285032
0.9975441418285032
0.9975441418285032
0.9975441418285032
0.9975441418285032
0.9975441418285032
0.9975441418285032
0.9975441418285032
0.9975441418285032
0.9975441418285032
0.9975441418285032
0.9975441418285032
0.9975441418285032
0.9975441418285032
0.9975441418285032
0.9975441418285032
0.9975441418285032
0.9975441418285032
0.9975441418285032
0.9975441418285032
0.9975441418285032
0.9975441418285032
0.9975441418285032
0.9975441418285032
0.9975441418285032
0.9975441418285032
0.9975441418285032
0.9975441418285032
0.9975441418285032
0.9975441418285032
0.9975441418285032
0.9975441418285032
0.9975441418285032
0.9975441418285032
0.9975441418285032
0.9975441418285032
0.9975441418285032
0.9975441418285032
0.9975441418285032
0.9975441418285032
0.9975441418285032
0.9975441418285032
0.9975441418285032
0.9975441418285032
0.9975441418285032
0.9975441418285032
0.9975441418285032
0.9975441418285032
0.9975441418285032
0.9975441418285032
0.9975441418285032
0.9975441418285032
0.9975441418285032
0.9975441418285032
0.9975441418285032
0.9975441418285032
0.9975441418285032
0.9975441418285032
0.9975441418285032
0.9975441418285032
0.9975441418285032
0.9975441418285032
0.9975441418285032
0.9975441418285032
0.9975441418285032
0.9975441418285032
0.9975441418285032
0.9975441418285032
0.9975441418285032
0.9975441418285032
0.9975441418285032
0.9975441418285032
0.9975441418285032
0.9975441418285032
0.9975441418285032
0.9975441418285032
0.9975441418285032
0.9975441418285032
0.9975441418285032
0.9975441418285032
0.9975441418285032
0.9975441418285032
0.9975441418285032
0.9975441418285032
0.9975441418285032
0.9975441418285032
0.9975441418285032
0.9975441418285032
0.9975441418285032
0.9975441418285032
0.9975441418285032
0.9975441418285032
0.9975441418285032
0.9975441418285032
0.9975441418285032
0.9975441418285032
0.9975441418285032
0.9975441418285032
0.9975441418285032
0.9975441418285032
0.9975441418285032
0.9975441418285032
0.9975441418285032
0.9975441418285032
0.9975441418285032
0.9975441418285032
0.9975441418285032
0.9975441418285032
0.9975441418285032
0.9975441418285032
0.9975441418285032
0.9975441418285032
0.9975441418285032
0.9975441418285032
0.9975441418285032
0.9975441418285032
0.9975441418285032
0.9975441418285032
0.9975441418285032
0.9975441418285032
0.9975441418285032
0.9975441418285032
0.9975441418285032
0.9975441418285032
0.9975441418285032
0.9975441418285032
0.9975441418285032
0.9975441418285032
0.9975441418285032
0.9975441418285032
0.9975441418285032
0.9975441418285032
0.9975441418285032
0.9975441418285032
0.9975441418285032
0.9975441418285032
0.9975441418285032
0.9975441418285032
0.9975441418285032
0.9975441418285032
0.9975441418285032
0.9975441418285032
0.9975441418285032
0.9975441418285032
0.9975441418285032
0.9975441418285032
0.9975441418285032
0.9975441418285032
0.9975441418285032
0.9975441418285032
0.9975441418285032
0.9975441418285032
0.9975441418285032
0.9975441418285032
0.9975441418285032
0.9975441418285032
0.9975441418285032
0.9975441418285032
0.9975441418285032
0.9975441418285032
0.9975441418285032
0.9975441418285032
0.9975441418285032
0.9975441418285032
0.9975441418285032
0.9975441418285032
0.9975441418285032
0.9975441418285032
0.9975441418285032
0.9975441418285032
0.9975441418285032
0.9975441418285032
0.9975441418285032
0.9975441418285032
0.9975441418285032
0.9975441418285032
0.9975441418285032
0.9975441418285032
0.9975441418285032
0.9975441418285032
0.9975441418285032
0.9975441418285032
0.9975441418285032
0.9975441418285032
0.9975441418285032
0.9975441418285032
0.9975441418285032
0.9975441418285032
0.9975441418285032
0.9975441418285032
0.9975441418285032
0.9975441418285032
0.9975441418285032
0.9975441418285032
0.9975441418285032
0.9975441418285032
0.9975441418285032
0.9975441418285032
0.9975441418285032
0.9975441418285032
0.9975441418285032
0.9975441418285032
0.9975441418285032
0.9975441418285032
0.9975441418285032
0.9975441418285032
0.9975441418285032
0.9975441418285032
0.9975441418285032
0.9975441418285032
0.9975441418285032
0.9975441418285032
0.9975441418285032
0.9975441418285032
0.9975441418285032
0.9975441418285032
0.9975441418285032
0.9975441418285032
0.9975441418285032
0.9975441418285032
0.9975441418285032
0.9975441418285032
0.9975441418285032
0.9975441418285032
0.9975441418285032
0.9975441418285032
0.9975441418285032
0.9975441418285032
0.9975441418285032
0.9975441418285032
0.9975441418285032
0.9975441418285032
0.9975441418285032
0.9975441418285032
0.9975441418285032
0.9975441418285032
0.9975441418285032
0.9975441418285032
0.9975441418285032
0.9975441418285032
0.9975441418285032
0.9975441418285032
0.9975441418285032
0.9975441418285032
0.9975441418285032
0.9975441418285032
0.9975441418285032
0.9975441418285032
0.9975441418285032
0.9975441418285032
0.9975441418285032
0.9975441418285032
0.9975441418285032
0.9975441418285032
0.9975441418285032
0.9975441418285032
0.9975441418285032
0.9975441418285032
0.9975441418285032
0.9975441418285032
0.9975441418285032
0.9975441418285032
0.9975441418285032
0.9975441418285032
0.9975441418285032
0.9975441418285032
0.9975441418285032
0.9975441418285032
0.9975441418285032
0.9975441418285032
0.9975441418285032
0.9975441418285032
0.9975441418285032
0.9975441418285032
0.9975441418285032
0.9975441418285032
0.9975441418285032
0.9975441418285032
0.9975441418285032
0.9975441418285032
0.9975441418285032
0.9975441418285032
0.9975441418285032
0.9975441418285032
0.9975441418285032
0.9975441418285032
0.9975441418285032
0.9975441418285032
0.9975441418285032
0.9975441418285032
0.9975441418285032
0.9975441418285032
0.9975441418285032
0.9975441418285032
0.9975441418285032
0.9975441418285032
0.9975441418285032
0.9975441418285032
0.9975441418285032
0.9975441418285032
0.9975441418285032
0.9975441418285032
0.9975441418285032
0.9975441418285032
0.9975441418285032
0.9975441418285032
0.9975441418285032
0.9975441418285032
0.9975441418285032
0.9975441418285032
0.9975441418285032
0.9975441418285032
0.9975441418285032
0.9975441418285032
0.9975441418285032
0.9975441418285032
0.9975441418285032
0.9975441418285032
0.9975441418285032
0.9975441418285032
0.9975441418285032
0.9975441418285032
0.9975441418285032
0.9975441418285032
0.9975441418285032
0.9975441418285032
0.9975441418285032
0.9975441418285032
0.9975441418285032
0.9975441418285032
0.9975441418285032
0.9975441418285032
0.9975441418285032
0.9975441418285032
0.9975441418285032
0.9975441418285032
0.9975441418285032
0.9975441418285032
0.9975441418285032
0.9975441418285032
0.9975441418285032
0.9975441418285032
0.9975441418285032
0.9975441418285032
0.9975441418285032
0.9975441418285032
0.9975441418285032
0.9975441418285032
0.9975441418285032
0.9975441418285032
0.9975441418285032
0.9975441418285032
0.9975441418285032
0.9975441418285032
0.9975441418285032
0.9975441418285032
0.9975441418285032
0.9975441418285032
0.9975441418285032
0.9975441418285032
0.9975441418285032
0.9975441418285032
0.9975441418285032
0.9975441418285032
0.9975441418285032
0.9975441418285032
0.9975441418285032
0.9975441418285032
0.9975441418285032
0.9975441418285032
0.9975441418285032
0.9975441418285032
0.9975441418285032
0.9975441418285032
0.9975441418285032
0.9975441418285032
0.9975441418285032
0.9975441418285032
0.9975441418285032
0.9975441418285032
0.9975441418285032
0.9975441418285032
0.9975441418285032
0.9975441418285032
0.9975441418285032
0.9975441418285032
0.9975441418285032
0.9975441418285032
0.9975441418285032
0.9975441418285032
0.9975441418285032
0.9975441418285032
0.9975441418285032
0.9975441418285032
0.9975441418285032
0.9975441418285032
0.9975441418285032
0.9975441418285032
0.9975441418285032
0.9975441418285032
0.9975441418285032
0.9975441418285032
0.9975441418285032
0.9975441418285032
0.9975441418285032
0.9975441418285032
0.9975441418285032
0.9975441418285032
0.9975441418285032
0.9975441418285032
0.9975441418285032
0.9975441418285032
0.9975441418285032
0.9975441418285032
0.9975441418285032
0.9975441418285032
0.9975441418285032
0.9975441418285032
0.9975441418285032
0.9975441418285032
0.9975441418285032
0.9975441418285032
0.9975441418285032
0.9975441418285032
0.9975441418285032
0.9975441418285032
0.9975441418285032
0.9975441418285032
0.9975441418285032
0.9975441418285032
0.9975441418285032
0.9975441418285032
0.9975441418285032
0.9975441418285032
0.9975441418285032
0.9975441418285032
0.9975441418285032
0.9975441418285032
0.9975441418285032
0.9975441418285032
0.9975441418285032
0.9975441418285032
Best gene:    1.5688184663816571, -0.03597737216409769
Best fitness: 0.9975441418285032
1.0
