inRep: 0
0.5000000108818919
0.5000000108905852
0.5000000111061454
0.500000011945875
0.5000000119470115
0.5000000121206093
0.5000000121218806
0.5000000121230489
0.5000000121365633
0.5000000121365633
0.5000000412856329
0.5000000412856329
0.5000000807435916
0.5000000807444356
0.5000000807444356
0.5000000837520422
0.5000000837520422
0.5000000866330326
0.500000086634751
0.5000000866368958
0.5000000866386126
0.5000000866386126
0.5000000895454364
0.5000000895535527
0.5000000895946882
0.5000000896184801
0.5000000896184801
0.5000094660176395
0.5000094660176395
0.5000094671631498
0.5000094672760813
0.5000094674189901
0.5000094674189901
0.5000228008293811
0.5000228008293811
0.500128625539743
0.500128625539743
0.5037825614765188
0.5037825614765188
0.5042646674312368
0.5042646925316713
0.5042646925316713
0.6600229503982067
0.6600229503982067
0.6600275956840266
0.6600385439683799
0.6600385439683799
0.9338513191814881
0.933924734514229
0.9339360242998853
0.9339360242998853
0.9764174722860472
0.9764174722860472
0.9764174722860472
0.9784695560403032
0.9784695560403032
0.9784709301767489
0.9784909133431621
0.9784909484822648
0.9784920618734976
0.9784923368865883
0.9784923368865883
0.9962731264615771
0.9962731264615771
0.9967586041527907
0.9967586041527907
0.9973496014758758
0.9973496014758758
0.9975409010147103
0.9975409700614261
0.9975409700614261
0.9975421798333679
0.9975421798333679
0.9975421798333679
0.9975440486020595
0.9975440486020595
0.997544117184205
0.997544117184205
0.9975441413959476
0.9975441413959476
0.9975441413959476
0.9975441418284863
0.9975441418284863
0.9975441418284863
0.9975441418284863
0.9975441418284863
0.9975441418284863
0.9975441418284863
0.9975441418284863
0.9975441418284863
0.9975441418284863
0.9975441418284863
0.9975441418284863
0.9975441418284863
0.9975441418284863
0.9975441418284863
0.9975441418284863
0.9975441418284863
0.9975441418284863
0.9975441418284863
0.9975441418284863
0.9975441418284863
0.9975441418284863
0.9975441418284863
0.9975441418284863
0.9975441418284863
0.9975441418284863
0.9975441418284863
0.9975441418284863
0.9975441418284863
0.9975441418284863
0.9975441418284863
0.9975441418284863
0.9975441418284863
0.9975441418284863
0.9975441418284863
0.9975441418284863
0.9975441418284863
0.9975441418284863
0.9975441418284863
0.9975441418284863
0.9975441418284863
0.9975441418284863
0.9975441418284863
0.9975441418284863
0.9975441418284863
0.9975441418284863
0.9975441418284863
0.9975441418284863
0.9975441418284863
0.9975441418284863
0.9975441418284863
0.9975441418284863
0.9975441418284863
0.9975441418284863
0.9975441418284863
0.9975441418284863
0.9975441418284863
0.9975441418284863
0.9975441418284863
0.9975441418284863
0.9975441418284863
0.9975441418284863
0.9975441418284863
0.9975441418284863
0.9975441418284863
0.9975441418284863
0.9975441418284863
0.9975441418284863
0.9975441418284863
0.9975441418284863
0.9975441418284863
0.9975441418284863
0.9975441418284863
0.9975441418284863
0.9975441418284863
0.9975441418284863
0.9975441418284863
0.9975441418284863
0.9975441418284863
0.9975441418284863
0.9975441418284863
0.9975441418284863
0.9975441418284863
0.9975441418284863
0.9975441418284863
0.9975441418284863
0.9975441418284863
0.9975441418284863
0.9975441418284863
0.9975441418284863
0.9975441418284863
0.9975441418284863
0.9975441418284863
0.9975441418284863
0.9975441418284863
0.9975441418284863
0.9975441418284863
0.9975441418284863
0.9975441418284863
0.9975441418284863
0.9975441418284863
0.9975441418284863
0.9975441418284863
0.9975441418284863
0.9975441418284863
0.9975441418284863
0.9975441418284863
0.9975441418284863
0.9975441418284863
0.9975441418284863
0.9975441418284863
0.9975441418284863
0.9975441418284863
0.9975441418284863
0.9975441418284863
0.9975441418284863
0.9975441418284863
0.9975441418284863
0.9975441418284863
0.9975441418284863
0.9975441418284863
0.9975441418284863
0.9975441418284863
0.9975441418284863
0.9975441418284863
0.9975441418284863
0.9975441418284863
0.9975441418284863
0.9975441418284863
0.9975441418284863
0.9975441418284863
0.9975441418284863
0.9975441418284863
0.9975441418284863
0.9975441418284863
0.9975441418284863
0.9975441418284863
0.9975441418284863
0.9975441418284863
0.9975441418284863
0.9975441418284863
0.9975441418284863
0.9975441418284863
0.9975441418284863
0.9975441418284863
0.9975441418284863
0.9975441418284863
0.9975441418284863
0.9975441418284863
0.9975441418284863
0.9975441418284863
0.9975441418284863
0.9975441418284863
0.9975441418284863
0.9975441418284863
0.9975441418284863
0.9975441418284863
0.9975441418284863
0.9975441418284863
0.9975441418284863
0.9975441418284863
0.9975441418284863
0.9975441418284863
0.9975441418284863
0.9975441418284863
0.9975441418284863
0.9975441418284863
0.9975441418284863
0.9975441418284863
0.9975441418284863
0.9975441418284863
0.9975441418284863
0.9975441418284863
0.9975441418284863
0.9975441418284863
0.9975441418284863
0.9975441418284863
0.9975441418284863
0.9975441418284863
0.9975441418284863
0.9975441418284863
0.9975441418284863
0.9975441418284863
0.9975441418284863
0.9975441418284863
0.9975441418284863
0.9975441418284863
0.9975441418284863
0.9975441418284863
0.9975441418284863
0.9975441418284863
0.9975441418284863
0.9975441418284863
0.9975441418284863
0.9975441418284863
0.9975441418284863
0.9975441418284863
0.9975441418284863
0.9975441418284863
0.9975441418284863
0.9975441418284863
0.9975441418284863
0.9975441418284863
0.9975441418284863
0.9975441418284863
0.9975441418284863
0.9975441418284863
0.9975441418284863
0.9975441418284863
0.9975441418284863
0.9975441418284863
0.9975441418284863
0.9975441418284863
0.9975441418284863
0.9975441418284863
0.9975441418284863
0.9975441418284863
0.9975441418284863
0.9975441418284863
0.9975441418284863
0.9975441418284863
0.9975441418284863
0.9975441418284863
0.9975441418284863
0.9975441418284863
0.9975441418284863
0.9975441418284863
0.9975441418284863
0.9975441418284863
0.9975441418284863
0.9975441418284863
0.9975441418284863
0.9975441418284863
0.9975441418284863
0.9975441418284863
0.9975441418284863
0.9975441418284863
0.9975441418284863
0.9975441418284863
0.9975441418284863
0.9975441418284863
0.9975441418284863
0.9975441418284863
0.9975441418284863
0.9975441418284863
0.9975441418284863
0.9975441418284863
0.9975441418284863
0.9975441418284863
0.9975441418284863
0.9975441418284863
0.9975441418284863
0.9975441418284863
0.9975441418284863
0.9975441418285032
0.9975441418285032
0.9975441418285032
0.9975441418285032
0.9975441418285032
0.9975441418285032
0.9975441418285032
0.9975441418285032
0.9975441418285032
0.9975441418285032
0.9975441418285032
0.9975441418285032
0.9975441418285032
0.9975441418285032
0.9975441418285032
0.9975441418285032
0.9975441418285032
0.9975441418285032
0.9975441418285032
0.9975441418285032
0.9975441418285032
0.9975441418285032
0.9975441418285032
0.9975441418285032
0.9975441418285032
0.9975441418285032
0.9975441418285032
0.9975441418285032
0.9975441418285032
0.9975441418285032
0.9975441418285032
0.9975441418285032
0.9975441418285032
0.9975441418285032
0.9975441418285032
0.9975441418285032
0.9975441418285032
0.9975441418285032
0.9975441418285032
0.9975441418285032
0.9975441418285032
0.9975441418285032
0.9975441418285032
0.9975441418285032
0.9975441418285032
0.9975441418285032
0.9975441418285032
0.9975441418285032
0.9975441418285032
0.9975441418285032
0.9975441418285032
0.9975441418285032
0.9975441418285032
0.9975441418285032
0.9975441418285032
0.9975441418285032
0.9975441418285032
0.9975441418285032
0.9975441418285032
0.9975441418285032
0.9975441418285032
0.9975441418285032
0.9975441418285032
0.9975441418285032
0.9975441418285032
0.9975441418285032
0.9975441418285032
0.9975441418285032
0.9975441418285032
0.9975441418285032
0.9975441418285032
0.9975441418285032
0.9975441418285032
0.9975441418285032
0.9975441418285032
0.9975441418285032
0.9975441418285032
0.9975441418285032
0.9975441418285032
0.9975441418285032
0.9975441418285032
0.9975441418285032
0.9975441418285032
0.9975441418285032
0.9975441418285032
0.9975441418285032
0.9975441418285032
0.9975441418285032
0.9975441418285032
0.9975441418285032
0.9975441418285032
0.9975441418285032
0.9975441418285032
0.9975441418285032
0.9975441418285032
0.9975441418285032
0.9975441418285032
0.9975441418285032
0.9975441418285032
0.9975441418285032
0.9975441418285032
0.9975441418285032
0.9975441418285032
0.9975441418285032
0.9975441418285032
0.9975441418285032
0.9975441418285032
0.9975441418285032
0.9975441418285032
0.9975441418285032
0.9975441418285032
0.9975441418285032
0.9975441418285032
0.9975441418285032
0.9975441418285032
0.9975441418285032
0.9975441418285032
0.9975441418285032
0.9975441418285032
0.9975441418285032
0.9975441418285032
0.9975441418285032
0.9975441418285032
0.9975441418285032
0.9975441418285032
0.9975441418285032
0.9975441418285032
0.9975441418285032
0.9975441418285032
0.9975441418285032
0.9975441418285032
0.9975441418285032
0.9975441418285032
0.9975441418285032
0.9975441418285032
0.9975441418285032
0.9975441418285032
0.9975441418285032
0.9975441418285032
0.9975441418285032
0.9975441418285032
0.9975441418285032
0.9975441418285032
0.9975441418285032
0.9975441418285032
0.9975441418285032
0.9975441418285032
0.9975441418285032
0.9975441418285032
0.9975441418285032
0.9975441418285032
0.9975441418285032
0.9975441418285032
0.9975441418285032
0.9975441418285032
0.9975441418285032
0.9975441418285032
0.9975441418285032
0.9975441418285032
0.9975441418285032
0.9975441418285032
0.9975441418285032
0.9975441418285032
0.9975441418285032
0.9975441418285032
0.9975441418285032
0.9975441418285032
0.9975441418285032
0.9975441418285032
0.9975441418285032
0.9975441418285032
0.9975441418285032
0.9975441418285032
0.9975441418285032
0.9975441418285032
0.9975441418285032
0.9975441418285032
0.9975441418285032
0.9975441418285032
0.9975441418285032
0.9975441418285032
0.9975441418285032
0.9975441418285032
0.9975441418285032
0.9975441418285032
0.9975441418285032
0.9975441418285032
0.9975441418285032
0.9975441418285032
0.9975441418285032
0.9975441418285032
0.9975441418285032
0.9975441418285032
0.9975441418285032
0.9975441418285032
0.9975441418285032
0.9975441418285032
0.9975441418285032
0.9975441418285032
0.9975441418285032
0.9975441418285032
0.9975441418285032
0.9975441418285032
0.9975441418285032
0.9975441418285032
0.9975441418285032
0.9975441418285032
0.9975441418285032
0.9975441418285032
0.9975441418285032
0.9975441418285032
0.9975441418285032
0.9975441418285032
0.9975441418285032
0.9975441418285032
0.9975441418285032
0.9975441418285032
0.9975441418285032
0.9975441418285032
0.9975441418285032
0.9975441418285032
0.9975441418285032
0.9975441418285032
0.9975441418285032
0.9975441418285032
0.9975441418285032
0.9975441418285032
0.9975441418285032
0.9975441418285032
0.9975441418285032
0.9975441418285032
0.9975441418285032
0.9975441418285032
0.9975441418285032
0.9975441418285032
0.9975441418285032
0.9975441418285032
0.9975441418285032
0.9975441418285032
0.9975441418285032
0.9975441418285032
0.9975441418285032
0.9975441418285032
0.9975441418285032
0.9975441418285032
0.9975441418285032
0.9975441418285032
0.9975441418285032
0.9975441418285032
0.9975441418285032
0.9975441418285032
0.9975441418285032
0.9975441418285032
0.9975441418285032
0.9975441418285032
0.9975441418285032
0.9975441418285032
0.9975441418285032
0.9975441418285032
0.9975441418285032
0.9975441418285032
0.9975441418285032
0.9975441418285032
0.9975441418285032
0.9975441418285032
0.9975441418285032
0.9975441418285032
0.9975441418285032
0.9975441418285032
0.9975441418285032
0.9975441418285032
0.9975441418285032
0.9975441418285032
0.9975441418285032
0.9975441418285032
0.9975441418285032
0.9975441418285032
0.9975441418285032
0.9975441418285032
0.9975441418285032
0.9975441418285032
0.9975441418285032
0.9975441418285032
0.9975441418285032
0.9975441418285032
0.9975441418285032
0.9975441418285032
0.9975441418285032
0.9975441418285032
0.9975441418285032
0.9975441418285032
0.9975441418285032
0.9975441418285032
0.9975441418285032
0.9975441418285032
0.9975441418285032
0.9975441418285032
0.9975441418285032
0.9975441418285032
0.9975441418285032
0.9975441418285032
0.9975441418285032
0.9975441418285032
0.9975441418285032
0.9975441418285032
0.9975441418285032
0.9975441418285032
0.9975441418285032
0.9975441418285032
0.9975441418285032
0.9975441418285032
0.9975441418285032
0.9975441418285032
0.9975441418285032
0.9975441418285032
0.9975441418285032
0.9975441418285032
0.9975441418285032
0.9975441418285032
0.9975441418285032
0.9975441418285032
0.9975441418285032
0.9975441418285032
0.9975441418285032
0.9975441418285032
0.9975441418285032
0.9975441418285032
0.9975441418285032
0.9975441418285032
0.9975441418285032
0.9975441418285032
0.9975441418285032
0.9975441418285032
0.9975441418285032
0.9975441418285032
0.9975441418285032
0.9975441418285032
0.9975441418285032
0.9975441418285032
0.9975441418285032
0.9975441418285032
0.9975441418285032
0.9975441418285032
0.9975441418285032
0.9975441418285032
0.9975441418285032
0.9975441418285032
0.9975441418285032
0.9975441418285032
0.9975441418285032
0.9975441418285032
0.9975441418285032
0.9975441418285032
0.9975441418285032
0.9975441418285032
0.9975441418285032
0.9975441418285032
0.9975441418285032
0.9975441418285032
0.9975441418285032
0.9975441418285032
0.9975441418285032
0.9975441418285032
0.9975441418285032
0.9975441418285032
0.9975441418285032
0.9975441418285032
0.9975441418285032
0.9975441418285032
0.9975441418285032
0.9975441418285032
0.9975441418285032
0.9975441418285032
0.9975441418285032
0.9975441418285032
0.9975441418285032
0.9975441418285032
0.9975441418285032
0.9975441418285032
0.9975441418285032
0.9975441418285032
0.9975441418285032
0.9975441418285032
0.9975441418285032
0.9975441418285032
0.9975441418285032
0.9975441418285032
0.9975441418285032
0.9975441418285032
0.9975441418285032
0.9975441418285032
0.9975441418285032
0.9975441418285032
0.9975441418285032
0.9975441418285032
0.9975441418285032
0.9975441418285032
0.9975441418285032
0.9975441418285032
0.9975441418285032
0.9975441418285032
0.9975441418285032
0.9975441418285032
0.9975441418285032
0.9975441418285032
0.9975441418285032
0.9975441418285032
0.9975441418285032
0.9975441418285032
0.9975441418285032
0.9975441418285032
0.9975441418285032
0.9975441418285032
0.9975441418285032
0.9975441418285032
0.9975441418285032
0.9975441418285032
0.9975441418285032
0.9975441418285032
0.9975441418285032
0.9975441418285032
0.9975441418285032
0.9975441418285032
0.9975441418285032
0.9975441418285032
0.9975441418285032
0.9975441418285032
0.9975441418285032
0.9975441418285032
0.9975441418285032
0.9975441418285032
0.9975441418285032
0.9975441418285032
0.9975441418285032
0.9975441418285032
0.9975441418285032
0.9975441418285032
0.9975441418285032
0.9975441418285032
0.9975441418285032
0.9975441418285032
0.9975441418285032
0.9975441418285032
0.9975441418285032
0.9975441418285032
0.9975441418285032
0.9975441418285032
0.9975441418285032
0.9975441418285032
0.9975441418285032
0.9975441418285032
0.9975441418285032
0.9975441418285032
0.9975441418285032
0.9975441418285032
0.9975441418285032
0.9975441418285032
0.9975441418285032
0.9975441418285032
0.9975441418285032
0.9975441418285032
0.9975441418285032
0.9975441418285032
0.9975441418285032
0.9975441418285032
0.9975441418285032
0.9975441418285032
0.9975441418285032
0.9975441418285032
0.9975441418285032
0.9975441418285032
0.9975441418285032
0.9975441418285032
0.9975441418285032
0.9975441418285032
0.9975441418285032
0.9975441418285032
0.9975441418285032
0.9975441418285032
0.9975441418285032
0.9975441418285032
0.9975441418285032
0.9975441418285032
0.9975441418285032
0.9975441418285032
0.9975441418285032
0.9975441418285032
0.9975441418285032
0.9975441418285032
0.9975441418285032
0.9975441418285032
0.9975441418285032
0.9975441418285032
0.9975441418285032
0.9975441418285032
0.9975441418285032
0.9975441418285032
0.9975441418285032
0.9975441418285032
0.9975441418285032
0.9975441418285032
0.9975441418285032
Best gene:    -0.03597737216409769, -1.5688184663816571
Best fitness: 0.9975441418285032
1.0
