inRep: 0
0.5000007152378398
0.5000009397462678
0.5000042953483032
0.5000296875395333
0.5021270567396694
0.5027687053695054
0.5973465121063659
0.6024697076244414
0.7675464296160226
0.7934398051632588
0.7934398051632588
0.7934398051632588
0.7934398051632588
0.7957521430185017
0.7957521430185017
0.9784027818188188
0.9784027818188188
0.997518925831202
0.997518925831202
0.997518925831202
0.997518925831202
0.997518925831202
0.997518925831202
0.997518925831202
0.997518925831202
0.997518925831202
0.997518925831202
0.997518925831202
0.997529790813219
0.9975308366948747
0.9975308366948747
0.997539416367625
0.9975441358975974
0.9975441358975974
0.9975441358975974
0.9975441358975974
0.9975441358975974
0.9975441358975974
0.9975441358975974
0.9975441358975974
0.9975441358975974
0.9975441358975974
0.9975441358975974
0.9975441358975974
0.9975441358975974
0.9975441358975974
0.9975441358975974
0.9975441358975974
0.9975441411612128
0.9975441411612128
0.9975441411612128
0.9975441411612128
0.9975441411612128
0.9975441411612128
0.9975441411612128
0.9975441411612128
0.99754414178735
0.99754414178735
0.99754414178735
0.99754414178735
0.99754414178735
0.99754414178735
0.99754414178735
0.99754414178735
0.99754414178735
0.99754414178735
0.99754414178735
0.99754414178735
0.99754414178735
0.99754414178735
0.99754414178735
0.99754414178735
0.99754414178735
0.99754414178735
0.99754414178735
0.99754414178735
0.99754414178735
0.99754414178735
0.99754414178735
0.99754414178735
0.99754414178735
0.99754414178735
0.99754414178735
0.99754414178735
0.99754414178735
0.99754414178735
0.99754414178735
0.99754414178735
0.99754414178735
0.99754414178735
0.99754414178735
0.99754414178735
0.99754414178735
0.99754414178735
0.99754414178735
0.99754414178735
0.99754414178735
0.99754414178735
0.99754414178735
0.99754414178735
0.99754414178735
0.99754414178735
0.99754414178735
0.99754414178735
0.99754414178735
0.99754414178735
0.99754414178735
0.99754414178735
0.99754414178735
0.99754414178735
0.99754414178735
0.99754414178735
0.99754414178735
0.99754414178735
0.99754414178735
0.99754414178735
0.99754414178735
0.99754414178735
0.99754414178735
0.99754414178735
0.99754414178735
0.99754414178735
0.99754414178735
0.99754414178735
0.99754414178735
0.99754414178735
0.99754414178735
0.99754414178735
0.99754414178735
0.99754414178735
0.99754414178735
0.99754414178735
0.99754414178735
0.99754414178735
0.99754414178735
0.99754414178735
0.99754414178735
0.99754414178735
0.99754414178735
0.99754414178735
0.99754414178735
0.99754414178735
0.99754414178735
0.99754414178735
0.99754414178735
0.99754414178735
0.99754414178735
0.99754414178735
0.99754414178735
0.99754414178735
0.99754414178735
0.99754414178735
0.99754414178735
0.99754414178735
0.99754414178735
0.99754414178735
0.99754414178735
0.99754414178735
0.99754414178735
0.99754414178735
0.99754414178735
0.99754414178735
0.99754414178735
0.99754414178735
0.99754414178735
0.99754414178735
0.99754414178735
0.99754414178735
0.99754414178735
0.99754414178735
0.99754414178735
0.99754414178735
0.99754414178735
0.99754414178735
0.99754414178735
0.99754414178735
0.99754414178735
0.99754414178735
0.99754414178735
0.99754414178735
0.99754414178735
0.99754414178735
0.99754414178735
0.9975441418193345
0.9975441418193345
0.9975441418193345
0.9975441418193345
0.9975441418193345
0.9975441418193345
0.9975441418193345
0.9975441418193345
0.9975441418193345
0.9975441418193345
0.9975441418193345
0.9975441418193345
0.9975441418193345
0.9975441418193345
0.9975441418193345
0.9975441418193345
0.9975441418193345
0.9975441418193345
0.9975441418193345
0.9975441418193345
0.9975441418193345
0.9975441418193345
0.9975441418193345
0.9975441418193345
0.9975441418193345
0.9975441418193345
0.9975441418193345
0.9975441418193345
0.9975441418193345
0.9975441418193345
0.9975441418193345
0.9975441418193345
0.9975441418193345
0.9975441418193345
0.9975441418193345
0.9975441418193345
0.9975441418193345
0.9975441418193345
0.9975441418193345
0.9975441418193345
0.9975441418193345
0.9975441418193345
0.9975441418193345
0.9975441418193345
0.9975441418193345
0.9975441418193345
0.9975441418193345
0.9975441418193345
0.9975441418193345
0.9975441418193345
0.9975441418193345
0.9975441418193345
0.9975441418193345
0.9975441418193345
0.9975441418193345
0.9975441418193345
0.9975441418193345
0.9975441418193345
0.9975441418193345
0.9975441418193345
0.9975441418193345
0.9975441418193345
0.9975441418193345
0.9975441418193345
0.9975441418266393
0.9975441418266393
0.9975441418266393
0.9975441418266393
0.9975441418266393
0.9975441418266393
0.9975441418266393
0.9975441418266393
0.9975441418266393
0.9975441418266393
0.9975441418266393
0.9975441418266393
0.9975441418266393
0.9975441418266393
0.9975441418266393
0.9975441418266393
0.9975441418266393
0.9975441418266393
0.9975441418266393
0.9975441418266393
0.9975441418266393
0.9975441418266393
0.9975441418266393
0.9975441418266393
0.9975441418266393
0.9975441418266393
0.9975441418281719
0.9975441418281719
0.9975441418281719
0.9975441418281719
0.9975441418281719
0.9975441418281719
0.9975441418281719
0.9975441418281719
0.9975441418281719
0.9975441418281719
0.9975441418281719
0.9975441418281719
0.9975441418281719
0.9975441418281719
0.9975441418281719
0.9975441418281719
0.9975441418281719
0.9975441418281719
0.9975441418281719
0.9975441418281719
0.9975441418281719
0.9975441418281719
0.9975441418281719
0.9975441418281719
0.9975441418281719
0.9975441418281719
0.9975441418281719
0.9975441418281719
0.9975441418281719
0.9975441418281719
0.9975441418281719
0.9975441418281719
0.9975441418281719
0.9975441418281719
0.9975441418281719
0.9975441418281719
0.9975441418281719
0.9975441418281719
0.9975441418281719
0.9975441418281719
0.9975441418281719
0.9975441418281719
0.9975441418281719
0.9975441418281719
0.9975441418281719
0.9975441418281719
0.9975441418281719
0.9975441418281719
0.9975441418281719
0.9975441418281719
0.9975441418281719
0.9975441418281719
0.9975441418281719
0.9975441418284818
0.9975441418284818
0.9975441418284818
0.9975441418284818
0.9975441418284818
0.9975441418284818
0.9975441418284818
0.9975441418284818
0.9975441418284818
0.9975441418284818
0.9975441418284818
0.9975441418284818
0.9975441418284818
0.9975441418284818
0.9975441418284818
0.9975441418284818
0.9975441418284818
0.9975441418284818
0.9975441418284818
0.9975441418284818
0.9975441418284818
0.9975441418284818
0.9975441418284818
0.9975441418284818
0.9975441418284818
0.9975441418284818
0.9975441418284818
0.9975441418284818
0.9975441418284818
0.9975441418284818
0.9975441418284818
0.9975441418284818
0.9975441418284818
0.9975441418284818
0.9975441418284818
0.9975441418284818
0.9975441418284818
0.9975441418284818
0.9975441418284818
0.9975441418284818
0.9975441418284818
0.9975441418284818
0.9975441418284818
0.9975441418284818
0.9975441418284818
0.9975441418284818
0.9975441418284818
0.9975441418284818
0.9975441418284818
0.9975441418284818
0.9975441418284818
0.9975441418284818
0.9975441418284818
0.9975441418284818
0.9975441418284818
0.9975441418284818
0.9975441418284818
0.9975441418284818
0.9975441418284818
0.9975441418284818
0.9975441418284818
0.9975441418284818
0.9975441418284818
0.9975441418284818
0.9975441418284818
0.9975441418284818
0.9975441418284818
0.9975441418284818
0.9975441418284818
0.9975441418284818
0.9975441418284818
0.9975441418284818
0.9975441418284818
0.9975441418284818
0.9975441418284818
0.9975441418284818
0.9975441418284818
0.9975441418284818
0.9975441418284818
0.9975441418284818
0.9975441418284818
0.9975441418284818
0.9975441418284818
0.9975441418284818
0.9975441418284818
0.9975441418284818
0.9975441418284818
0.9975441418284818
0.9975441418284818
0.9975441418284818
0.9975441418284818
0.9975441418284818
0.9975441418284818
0.9975441418284818
0.9975441418284818
0.9975441418284818
0.9975441418284818
0.9975441418284818
0.9975441418284818
0.9975441418284818
0.9975441418284818
0.9975441418284818
0.9975441418284818
0.9975441418284818
0.9975441418284818
0.9975441418284818
0.9975441418284818
0.9975441418284818
0.9975441418284818
0.9975441418284818
0.9975441418284818
0.9975441418284818
0.9975441418284818
0.9975441418284818
0.9975441418284818
0.9975441418284818
0.9975441418284818
0.9975441418284818
0.9975441418284818
0.9975441418284818
0.9975441418284818
0.9975441418284818
0.9975441418284818
0.9975441418284818
0.9975441418284818
0.9975441418284818
0.9975441418284818
0.9975441418284818
0.9975441418284818
0.9975441418284818
0.9975441418284818
0.9975441418284818
0.9975441418284818
0.9975441418284818
0.9975441418284818
0.9975441418284818
0.9975441418284818
0.9975441418284818
0.9975441418284818
0.9975441418284818
0.9975441418284818
0.9975441418284818
0.9975441418284818
0.9975441418284818
0.9975441418284818
0.9975441418284818
0.9975441418284818
0.9975441418284818
0.9975441418284818
0.9975441418284818
0.9975441418284818
0.9975441418284818
0.9975441418284818
0.9975441418284818
0.9975441418284818
0.9975441418284818
0.9975441418284818
0.9975441418284818
0.9975441418284818
0.9975441418284818
0.9975441418284818
0.9975441418284818
0.9975441418284818
0.9975441418284818
0.9975441418284818
0.9975441418284818
0.9975441418284818
0.9975441418284818
0.9975441418284818
0.9975441418284818
0.9975441418284818
0.9975441418284818
0.9975441418284818
0.9975441418284818
0.9975441418284818
0.9975441418284818
0.9975441418284818
0.9975441418284818
0.9975441418284818
0.9975441418284818
0.9975441418284818
0.9975441418284818
0.9975441418284818
0.9975441418284818
0.9975441418284818
0.9975441418284818
0.9975441418284818
0.9975441418284818
0.9975441418284818
0.9975441418284818
0.9975441418284818
0.9975441418284818
0.9975441418284818
0.9975441418284818
0.9975441418284818
0.9975441418284818
0.9975441418284818
0.9975441418284818
0.9975441418284818
0.9975441418284818
0.9975441418284818
0.9975441418284818
0.9975441418284818
0.9975441418284818
0.9975441418284818
0.9975441418284818
0.9975441418284818
0.9975441418284818
0.9975441418284818
0.9975441418284818
0.9975441418284818
0.9975441418284818
0.9975441418284818
0.9975441418284818
0.9975441418284818
0.9975441418284818
0.9975441418284818
0.9975441418284818
0.9975441418284818
0.9975441418284818
0.9975441418284818
0.9975441418284818
0.9975441418284818
0.9975441418284818
0.9975441418284818
0.9975441418284818
0.9975441418284818
0.9975441418284818
0.9975441418284818
0.9975441418284818
0.9975441418284818
0.9975441418284818
0.9975441418284818
0.9975441418284818
0.9975441418284818
0.9975441418284818
0.9975441418284818
0.9975441418284818
0.9975441418284818
0.9975441418284818
0.9975441418284818
0.9975441418284818
0.9975441418284818
0.9975441418284818
0.9975441418284818
0.9975441418284818
0.9975441418284818
0.9975441418284818
0.9975441418284818
0.9975441418284818
0.9975441418284818
0.9975441418284818
0.9975441418284818
0.9975441418284818
0.9975441418284818
0.9975441418284818
0.9975441418284818
0.9975441418284818
0.9975441418284818
0.9975441418284818
0.9975441418284818
0.9975441418284818
0.9975441418284818
0.9975441418284818
0.9975441418284818
0.9975441418284818
0.9975441418284818
0.9975441418284818
0.9975441418284818
0.9975441418284818
0.9975441418284818
0.9975441418284818
0.9975441418284818
0.9975441418284818
0.9975441418284818
0.9975441418284818
0.9975441418284818
0.9975441418284818
0.9975441418284818
0.9975441418284818
0.9975441418284818
0.9975441418284818
0.9975441418284818
0.9975441418284818
0.9975441418284818
0.9975441418284818
0.9975441418284818
0.9975441418284818
0.9975441418284818
0.9975441418284818
0.9975441418284818
0.9975441418284818
0.9975441418284818
0.9975441418284818
0.9975441418284818
0.9975441418284818
0.9975441418284818
0.9975441418284818
0.9975441418284818
0.9975441418284818
0.9975441418284818
0.9975441418284818
Best gene:    1.55966319076136980.17302040410528718
Best fitness: 0.9975441418284818
1.0
