0
0
0
0
0
379.28284646455614
1
1
1
1
1
379.28284646455614
2
2
2
2
2
379.28284646455614
3
3
3
3
3
379.28284646455614
4
4
4
4
4
379.28284646455614
5
5
5
5
5
379.28284646455614
6
6
6
6
6
379.28284646455614
7
7
7
7
7
379.28284646455614
8
8
8
8
8
379.28284646455614
9
9
9
9
9
379.28284646455614
10
10
10
10
10
379.28284646455614
11
11
11
11
11
379.28284646455614
12
12
12
12
12
379.28284646455614
13
13
13
13
13
379.28284646455614
14
14
14
14
14
379.28284646455614
15
15
15
15
15
379.28284646455614
16
16
16
16
16
379.28284646455614
17
17
17
17
17
379.28284646455614
18
18
18
18
18
379.28284646455614
19
19
19
19
19
379.28284646455614
20
20
20
20
20
379.28284646455614
21
21
21
21
21
379.28284646455614
22
22
22
22
22
379.28284646455614
23
23
23
23
23
379.28284646455614
24
24
24
24
24
379.28284646455614
25
25
25
25
25
379.28284646455614
26
26
26
26
26
379.28284646455614
27
27
27
27
27
379.28284646455614
28
28
28
28
28
379.28284646455614
29
29
29
29
29
379.28284646455614
30
30
30
30
30
379.28284646455614
31
31
31
31
31
379.28284646455614
32
32
32
32
32
379.28284646455614
33
33
33
33
33
379.28284646455614
34
34
34
34
34
379.28284646455614
35
35
35
35
35
379.28284646455614
36
36
36
36
36
379.28284646455614
37
37
37
37
37
379.28284646455614
38
38
38
38
38
379.28284646455614
39
39
39
39
39
379.28284646455614
40
40
40
40
40
379.28284646455614
41
41
41
41
41
379.28284646455614
42
42
42
42
42
379.28284646455614
43
43
43
43
43
379.28284646455614
44
44
44
44
44
379.28284646455614
45
45
45
45
45
379.28284646455614
46
46
46
46
46
379.28284646455614
47
47
47
47
47
379.28284646455614
48
48
48
48
48
379.28284646455614
49
49
49
49
49
379.28284646455614
50
50
50
50
50
379.28284646455614
51
51
51
51
51
379.28284646455614
52
52
52
52
52
379.28284646455614
53
53
53
53
53
379.28284646455614
54
54
54
54
54
379.28284646455614
55
55
55
55
55
379.28284646455614
56
56
56
56
56
379.28284646455614
57
57
57
57
57
379.28284646455614
58
58
58
58
58
379.28284646455614
59
59
59
59
59
379.28284646455614
60
60
60
60
60
379.28284646455614
61
61
61
61
61
379.28284646455614
62
62
62
62
62
379.28284646455614
63
63
63
63
63
379.28284646455614
64
64
64
64
64
379.28284646455614
65
65
65
65
65
379.28284646455614
66
66
66
66
66
379.28284646455614
67
67
67
67
67
379.28284646455614
68
68
68
68
68
379.28284646455614
69
69
69
69
69
379.28284646455614
70
70
70
70
70
379.28284646455614
71
71
71
71
71
379.28284646455614
72
72
72
72
72
379.28284646455614
73
73
73
73
73
379.28284646455614
74
74
74
74
74
379.28284646455614
75
75
75
75
75
379.28284646455614
76
76
76
76
76
379.28284646455614
77
77
77
77
77
379.28284646455614
78
78
78
78
78
379.28284646455614
79
79
79
79
79
379.28284646455614
80
80
80
80
80
379.28284646455614
81
81
81
81
81
379.28284646455614
82
82
82
82
82
379.28284646455614
83
83
83
83
83
379.28284646455614
84
84
84
84
84
379.28284646455614
85
85
85
85
85
379.28284646455614
86
86
86
86
86
379.28284646455614
87
87
87
87
87
379.28284646455614
88
88
88
88
88
379.28284646455614
89
89
89
89
89
379.28284646455614
90
90
90
90
90
379.28284646455614
91
91
91
91
91
379.28284646455614
92
92
92
92
92
379.28284646455614
93
93
93
93
93
379.28284646455614
94
94
94
94
94
379.28284646455614
95
95
95
95
95
379.28284646455614
96
96
96
96
96
379.28284646455614
97
97
97
97
97
379.28284646455614
98
98
98
98
98
379.28284646455614
99
99
99
99
99
379.28284646455614
100
100
100
100
100
379.28284646455614
101
101
101
101
101
379.28284646455614
102
102
102
102
102
379.28284646455614
103
103
103
103
103
379.28284646455614
104
104
104
104
104
379.28284646455614
105
105
105
105
105
379.28284646455614
106
106
106
106
106
379.28284646455614
107
107
107
107
107
379.28284646455614
108
108
108
108
108
379.28284646455614
109
109
109
109
109
379.28284646455614
110
110
110
110
110
379.28284646455614
111
111
111
111
111
379.28284646455614
112
112
112
112
112
379.28284646455614
113
113
113
113
113
379.28284646455614
114
114
114
114
114
379.28284646455614
115
115
115
115
115
379.28284646455614
116
116
116
116
116
379.28284646455614
117
117
117
117
117
379.28284646455614
118
118
118
118
118
379.28284646455614
119
119
119
119
119
379.28284646455614
120
120
120
120
120
379.28284646455614
121
121
121
121
121
379.28284646455614
122
122
122
122
122
379.28284646455614
123
123
123
123
123
379.28284646455614
124
124
124
124
124
379.28284646455614
125
125
125
125
125
379.28284646455614
126
126
126
126
126
379.28284646455614
127
127
127
127
127
379.28284646455614
128
128
128
128
128
379.28284646455614
129
129
129
129
129
379.28284646455614
130
130
130
130
130
379.28284646455614
131
131
131
131
131
379.28284646455614
132
132
132
132
132
379.28284646455614
133
133
133
133
133
379.28284646455614
134
134
134
134
134
379.28284646455614
135
135
135
135
135
379.28284646455614
136
136
136
136
136
379.28284646455614
137
137
137
137
137
379.28284646455614
138
138
138
138
138
379.28284646455614
139
139
139
139
139
379.28284646455614
140
140
140
140
140
379.28284646455614
141
141
141
141
141
379.28284646455614
142
142
142
142
142
379.28284646455614
143
143
143
143
143
379.28284646455614
144
144
144
144
144
379.28284646455614
145
145
145
145
145
379.28284646455614
146
146
146
146
146
379.28284646455614
147
147
147
147
147
379.28284646455614
148
148
148
148
148
379.28284646455614
149
149
149
149
149
379.28284646455614
150
150
150
150
150
379.28284646455614
151
151
151
151
151
379.28284646455614
152
152
152
152
152
379.28284646455614
153
153
153
153
153
379.28284646455614
154
154
154
154
154
379.28284646455614
155
155
155
155
155
379.28284646455614
156
156
156
156
156
379.28284646455614
157
157
157
157
157
379.28284646455614
158
158
158
158
158
379.28284646455614
159
159
159
159
159
379.28284646455614
160
160
160
160
160
379.28284646455614
161
161
161
161
161
379.28284646455614
162
162
162
162
162
379.28284646455614
163
163
163
163
163
379.28284646455614
164
164
164
164
164
379.28284646455614
165
165
165
165
165
379.28284646455614
166
166
166
166
166
379.28284646455614
167
167
167
167
167
379.28284646455614
168
168
168
168
168
379.28284646455614
169
169
169
169
169
379.28284646455614
170
170
170
170
170
379.28284646455614
171
171
171
171
171
379.28284646455614
172
172
172
172
172
379.28284646455614
173
173
173
173
173
379.28284646455614
174
174
174
174
174
379.28284646455614
175
175
175
175
175
379.28284646455614
176
176
176
176
176
379.28284646455614
177
177
177
177
177
379.28284646455614
178
178
178
178
178
379.28284646455614
179
179
179
179
179
379.28284646455614
180
180
180
180
180
379.28284646455614
181
181
181
181
181
379.28284646455614
182
182
182
182
182
379.28284646455614
183
183
183
183
183
379.28284646455614
184
184
184
184
184
379.28284646455614
185
185
185
185
185
379.28284646455614
186
186
186
186
186
379.28284646455614
187
187
187
187
187
379.28284646455614
188
188
188
188
188
379.28284646455614
189
189
189
189
189
379.28284646455614
190
190
190
190
190
379.28284646455614
191
191
191
191
191
379.28284646455614
192
192
192
192
192
379.28284646455614
193
193
193
193
193
379.28284646455614
194
194
194
194
194
379.28284646455614
195
195
195
195
195
379.28284646455614
196
196
196
196
196
379.28284646455614
197
197
197
197
197
379.28284646455614
198
198
198
198
198
379.28284646455614
199
199
199
199
199
379.28284646455614
200
200
200
200
200
379.28284646455614
201
201
201
201
201
379.28284646455614
202
202
202
202
202
379.28284646455614
203
203
203
203
203
379.28284646455614
204
204
204
204
204
379.28284646455614
205
205
205
205
205
379.28284646455614
206
206
206
206
206
379.28284646455614
207
207
207
207
207
379.28284646455614
208
208
208
208
208
379.28284646455614
209
209
209
209
209
379.28284646455614
210
210
210
210
210
379.28284646455614
211
211
211
211
211
379.28284646455614
212
212
212
212
212
379.28284646455614
213
213
213
213
213
379.28284646455614
214
214
214
214
214
379.28284646455614
215
215
215
215
215
379.28284646455614
216
216
216
216
216
379.28284646455614
217
217
217
217
217
379.28284646455614
218
218
218
218
218
379.28284646455614
219
219
219
219
219
379.28284646455614
220
220
220
220
220
379.28284646455614
221
221
221
221
221
379.28284646455614
222
222
222
222
222
379.28284646455614
223
223
223
223
223
379.28284646455614
224
224
224
224
224
379.28284646455614
225
225
225
225
225
379.28284646455614
226
226
226
226
226
379.28284646455614
227
227
227
227
227
379.28284646455614
228
228
228
228
228
379.28284646455614
229
229
229
229
229
379.28284646455614
230
230
230
230
230
379.28284646455614
231
231
231
231
231
379.28284646455614
232
232
232
232
232
379.28284646455614
233
233
233
233
233
379.28284646455614
234
234
234
234
234
379.28284646455614
235
235
235
235
235
379.28284646455614
236
236
236
236
236
379.28284646455614
237
237
237
237
237
379.28284646455614
238
238
238
238
238
379.28284646455614
239
239
239
239
239
379.28284646455614
240
240
240
240
240
379.28284646455614
241
241
241
241
241
379.28284646455614
242
242
242
242
242
379.28284646455614
243
243
243
243
243
379.28284646455614
244
244
244
244
244
379.28284646455614
245
245
245
245
245
379.28284646455614
246
246
246
246
246
379.28284646455614
247
247
247
247
247
379.28284646455614
248
248
248
248
248
379.28284646455614
249
249
249
249
249
379.28284646455614
250
250
250
250
250
379.28284646455614
251
251
251
251
251
379.28284646455614
252
252
252
252
252
379.28284646455614
253
253
253
253
253
379.28284646455614
254
254
254
254
254
379.28284646455614
255
255
255
255
255
379.28284646455614
256
256
256
256
256
379.28284646455614
257
257
257
257
257
379.28284646455614
258
258
258
258
258
379.28284646455614
259
259
259
259
259
379.28284646455614
260
260
260
260
260
379.28284646455614
261
261
261
261
261
379.28284646455614
262
262
262
262
262
379.28284646455614
263
263
263
263
263
379.28284646455614
264
264
264
264
264
379.28284646455614
265
265
265
265
265
379.28284646455614
266
266
266
266
266
379.28284646455614
267
267
267
267
267
379.28284646455614
268
268
268
268
268
379.28284646455614
269
269
269
269
269
379.28284646455614
270
270
270
270
270
379.28284646455614
271
271
271
271
271
379.28284646455614
272
272
272
272
272
379.28284646455614
273
273
273
273
273
379.28284646455614
274
274
274
274
274
379.28284646455614
275
275
275
275
275
379.28284646455614
276
276
276
276
276
379.28284646455614
277
277
277
277
277
379.28284646455614
278
278
278
278
278
379.28284646455614
279
279
279
279
279
379.28284646455614
280
280
280
280
280
379.28284646455614
281
281
281
281
281
379.28284646455614
282
282
282
282
282
379.28284646455614
283
283
283
283
283
379.28284646455614
284
284
284
284
284
379.28284646455614
285
285
285
285
285
379.28284646455614
286
286
286
286
286
379.28284646455614
287
287
287
287
287
379.28284646455614
288
288
288
288
288
379.28284646455614
289
289
289
289
289
379.28284646455614
290
290
290
290
290
379.28284646455614
291
291
291
291
291
379.28284646455614
292
292
292
292
292
326.5008230732621
293
293
293
293
293
379.28284646455614
294
294
294
294
294
379.28284646455614
295
295
295
295
295
379.28284646455614
296
296
296
296
296
379.28284646455614
297
297
297
297
297
379.28284646455614
298
298
298
298
298
379.28284646455614
299
299
299
299
299
379.28284646455614
300
300
300
300
300
379.28284646455614
301
301
301
301
301
379.28284646455614
302
302
302
302
302
379.28284646455614
303
303
303
303
303
379.28284646455614
304
304
304
304
304
379.28284646455614
305
305
305
305
305
379.28284646455614
306
306
306
306
306
379.28284646455614
307
307
307
307
307
379.28284646455614
308
308
308
308
308
379.28284646455614
309
309
309
309
309
379.28284646455614
310
310
310
310
310
379.28284646455614
311
311
311
311
311
379.28284646455614
312
312
312
312
312
379.28284646455614
313
313
313
313
313
379.28284646455614
314
314
314
314
314
379.28284646455614
315
315
315
315
315
379.28284646455614
316
316
316
316
316
379.28284646455614
317
317
317
317
317
379.28284646455614
318
318
318
318
318
379.28284646455614
319
319
319
319
319
379.28284646455614
320
320
320
320
320
379.28284646455614
321
321
321
321
321
379.28284646455614
322
322
322
322
322
379.28284646455614
323
323
323
323
323
379.28284646455614
324
324
324
324
324
379.28284646455614
325
325
325
325
325
379.28284646455614
326
326
326
326
326
379.28284646455614
327
327
327
327
327
379.28284646455614
328
328
328
328
328
379.28284646455614
329
329
329
329
329
379.28284646455614
330
330
330
330
330
379.28284646455614
331
331
331
331
331
379.28284646455614
332
332
332
332
332
379.28284646455614
333
333
333
333
333
379.28284646455614
334
334
334
334
334
379.28284646455614
335
335
335
335
335
379.28284646455614
336
336
336
336
336
379.28284646455614
337
337
337
337
337
379.28284646455614
338
338
338
338
338
379.28284646455614
339
339
339
339
339
379.28284646455614
340
340
340
340
340
379.28284646455614
341
341
341
341
341
379.28284646455614
342
342
342
342
342
379.28284646455614
343
343
343
343
343
379.28284646455614
344
344
344
344
344
379.28284646455614
345
345
345
345
345
379.28284646455614
346
346
346
346
346
379.28284646455614
347
347
347
347
347
379.28284646455614
348
348
348
348
348
379.28284646455614
349
349
349
349
349
379.28284646455614
350
350
350
350
350
379.28284646455614
351
351
351
351
351
379.28284646455614
352
352
352
352
352
379.28284646455614
353
353
353
353
353
379.28284646455614
354
354
354
354
354
379.28284646455614
355
355
355
355
355
379.28284646455614
356
356
356
356
356
379.28284646455614
357
357
357
357
357
379.28284646455614
358
358
358
358
358
379.28284646455614
359
359
359
359
359
379.28284646455614
360
360
360
360
360
379.28284646455614
361
361
361
361
361
379.28284646455614
362
362
362
362
362
379.28284646455614
363
363
363
363
363
379.28284646455614
364
364
364
364
364
379.28284646455614
365
365
365
365
365
379.28284646455614
366
366
366
366
366
379.28284646455614
367
367
367
367
367
379.28284646455614
368
368
368
368
368
379.28284646455614
369
369
369
369
369
379.28284646455614
370
370
370
370
370
379.28284646455614
371
371
371
371
371
379.28284646455614
372
372
372
372
372
379.28284646455614
373
373
373
373
373
379.28284646455614
374
374
374
374
374
379.28284646455614
375
375
375
375
375
379.28284646455614
376
376
376
376
376
379.28284646455614
377
377
377
377
377
379.28284646455614
378
378
378
378
378
379.28284646455614
379
379
379
379
379
379.28284646455614
380
380
380
380
380
379.28284646455614
381
381
381
381
381
379.28284646455614
382
382
382
382
382
379.28284646455614
383
383
383
383
383
379.28284646455614
384
384
384
384
384
379.28284646455614
385
385
385
385
385
379.28284646455614
386
386
386
386
386
379.28284646455614
387
387
387
387
387
379.28284646455614
388
388
388
388
388
379.28284646455614
389
389
389
389
389
379.28284646455614
390
390
390
390
390
379.28284646455614
391
391
391
391
391
379.28284646455614
392
392
392
392
392
379.28284646455614
393
393
393
393
393
379.28284646455614
394
394
394
394
394
379.28284646455614
395
395
395
395
395
379.28284646455614
396
396
396
396
396
379.28284646455614
397
397
397
397
397
379.28284646455614
398
398
398
398
398
379.28284646455614
399
399
399
399
399
379.28284646455614
400
400
400
400
400
379.28284646455614
401
401
401
401
401
379.28284646455614
402
402
402
402
402
379.28284646455614
403
403
403
403
403
379.28284646455614
404
404
404
404
404
379.28284646455614
405
405
405
405
405
379.28284646455614
406
406
406
406
406
379.28284646455614
407
407
407
407
407
379.28284646455614
408
408
408
408
408
379.28284646455614
409
409
409
409
409
379.28284646455614
410
410
410
410
410
379.28284646455614
411
411
411
411
411
379.28284646455614
412
412
412
412
412
379.28284646455614
413
413
413
413
413
379.28284646455614
414
414
414
414
414
379.28284646455614
415
415
415
415
415
379.28284646455614
416
416
416
416
416
379.28284646455614
417
417
417
417
417
379.28284646455614
418
418
418
418
418
379.28284646455614
419
419
419
419
419
379.28284646455614
420
420
420
420
420
379.28284646455614
421
421
421
421
421
379.28284646455614
422
422
422
422
422
379.28284646455614
423
423
423
423
423
379.28284646455614
424
424
424
424
424
379.28284646455614
425
425
425
425
425
379.28284646455614
426
426
426
426
426
379.28284646455614
427
427
427
427
427
379.28284646455614
428
428
428
428
428
379.28284646455614
429
429
429
429
429
379.28284646455614
430
430
430
430
430
379.28284646455614
431
431
431
431
431
379.28284646455614
432
432
432
432
432
379.28284646455614
433
433
433
433
433
379.28284646455614
434
434
434
434
434
379.28284646455614
435
435
435
435
435
379.28284646455614
436
436
436
436
436
379.28284646455614
437
437
437
437
437
379.28284646455614
438
438
438
438
438
379.28284646455614
439
439
439
439
439
379.28284646455614
440
440
440
440
440
379.28284646455614
441
441
441
441
441
379.28284646455614
442
442
442
442
442
379.28284646455614
443
443
443
443
443
379.28284646455614
444
444
444
444
444
379.28284646455614
445
445
445
445
445
379.28284646455614
446
446
446
446
446
379.28284646455614
447
447
447
447
447
379.28284646455614
448
448
448
448
448
379.28284646455614
449
449
449
449
449
379.28284646455614
450
450
450
450
450
379.28284646455614
451
451
451
451
451
379.28284646455614
452
452
452
452
452
379.28284646455614
453
453
453
453
453
379.28284646455614
454
454
454
454
454
379.28284646455614
455
455
455
455
455
379.28284646455614
456
456
456
456
456
379.28284646455614
457
457
457
457
457
379.28284646455614
458
458
458
458
458
379.28284646455614
459
459
459
459
459
379.28284646455614
460
460
460
460
460
379.28284646455614
461
461
461
461
461
379.28284646455614
462
462
462
462
462
379.28284646455614
463
463
463
463
463
379.28284646455614
464
464
464
464
464
379.28284646455614
465
465
465
465
465
379.28284646455614
466
466
466
466
466
379.28284646455614
467
467
467
467
467
379.28284646455614
468
468
468
468
468
379.28284646455614
469
469
469
469
469
379.28284646455614
470
470
470
470
470
379.28284646455614
471
471
471
471
471
379.28284646455614
472
472
472
472
472
379.28284646455614
473
473
473
473
473
379.28284646455614
474
474
474
474
474
379.28284646455614
475
475
475
475
475
379.28284646455614
476
476
476
476
476
379.28284646455614
477
477
477
477
477
379.28284646455614
478
478
478
478
478
379.28284646455614
479
479
479
479
479
379.28284646455614
480
480
480
480
480
379.28284646455614
481
481
481
481
481
379.28284646455614
482
482
482
482
482
379.28284646455614
483
483
483
483
483
379.28284646455614
484
484
484
484
484
379.28284646455614
485
485
485
485
485
379.28284646455614
486
486
486
486
486
379.28284646455614
487
487
487
487
487
379.28284646455614
488
488
488
488
488
379.28284646455614
489
489
489
489
489
379.28284646455614
490
490
490
490
490
379.28284646455614
491
491
491
491
491
379.28284646455614
492
492
492
492
492
379.28284646455614
493
493
493
493
493
379.28284646455614
494
494
494
494
494
379.28284646455614
495
495
495
495
495
379.28284646455614
496
496
496
496
496
379.28284646455614
497
497
497
497
497
379.28284646455614
498
498
498
498
498
379.28284646455614
499
499
499
499
499
379.28284646455614
500
500
500
500
500
379.28284646455614
501
501
501
501
501
379.28284646455614
502
502
502
502
502
379.28284646455614
503
503
503
503
503
379.28284646455614
504
504
504
504
504
379.28284646455614
505
505
505
505
505
379.28284646455614
506
506
506
506
506
379.28284646455614
507
507
507
507
507
379.28284646455614
508
508
508
508
508
379.28284646455614
509
509
509
509
509
379.28284646455614
510
510
510
510
510
379.28284646455614
511
511
511
511
511
379.28284646455614
512
512
512
512
512
379.28284646455614
513
513
513
513
513
379.28284646455614
514
514
514
514
514
379.28284646455614
515
515
515
515
515
379.28284646455614
516
516
516
516
516
379.28284646455614
517
517
517
517
517
379.28284646455614
518
518
518
518
518
379.28284646455614
519
519
519
519
519
379.28284646455614
520
520
520
520
520
379.28284646455614
521
521
521
521
521
379.28284646455614
522
522
522
522
522
379.28284646455614
523
523
523
523
523
379.28284646455614
524
524
524
524
524
379.28284646455614
525
525
525
525
525
379.28284646455614
526
526
526
526
526
379.28284646455614
527
527
527
527
527
379.28284646455614
528
528
528
528
528
379.28284646455614
529
529
529
529
529
379.28284646455614
530
530
530
530
530
379.28284646455614
531
531
531
531
531
379.28284646455614
532
532
532
532
532
379.28284646455614
533
533
533
533
533
379.28284646455614
534
534
534
534
534
379.28284646455614
535
535
535
535
535
379.28284646455614
536
536
536
536
536
379.28284646455614
537
537
537
537
537
379.28284646455614
538
538
538
538
538
379.28284646455614
539
539
539
539
539
379.28284646455614
540
540
540
540
540
379.28284646455614
541
541
541
541
541
379.28284646455614
542
542
542
542
542
379.28284646455614
543
543
543
543
543
379.28284646455614
544
544
544
544
544
379.28284646455614
545
545
545
545
545
379.28284646455614
546
546
546
546
546
379.28284646455614
547
547
547
547
547
379.28284646455614
548
548
548
548
548
379.28284646455614
549
549
549
549
549
379.28284646455614
550
550
550
550
550
379.28284646455614
551
551
551
551
551
379.28284646455614
552
552
552
552
552
379.28284646455614
553
553
553
553
553
379.28284646455614
554
554
554
554
554
379.28284646455614
555
555
555
555
555
379.28284646455614
556
556
556
556
556
379.28284646455614
557
557
557
557
557
379.28284646455614
558
558
558
558
558
379.28284646455614
559
559
559
559
559
379.28284646455614
560
560
560
560
560
379.28284646455614
561
561
561
561
561
379.28284646455614
562
562
562
562
562
379.28284646455614
563
563
563
563
563
379.28284646455614
564
564
564
564
564
379.28284646455614
565
565
565
565
565
379.28284646455614
566
566
566
566
566
379.28284646455614
567
567
567
567
567
379.28284646455614
568
568
568
568
568
379.28284646455614
569
569
569
569
569
379.28284646455614
570
570
570
570
570
379.28284646455614
571
571
571
571
571
379.28284646455614
572
572
572
572
572
379.28284646455614
573
573
573
573
573
379.28284646455614
574
574
574
574
574
379.28284646455614
575
575
575
575
575
379.28284646455614
576
576
576
576
576
379.28284646455614
577
577
577
577
577
379.28284646455614
578
578
578
578
578
379.28284646455614
579
579
579
579
579
379.28284646455614
580
580
580
580
580
379.28284646455614
581
581
581
581
581
379.28284646455614
582
582
582
582
582
379.28284646455614
583
583
583
583
583
379.28284646455614
584
584
584
584
584
379.28284646455614
585
585
585
585
585
379.28284646455614
586
586
586
586
586
379.28284646455614
587
587
587
587
587
379.28284646455614
588
588
588
588
588
379.28284646455614
589
589
589
589
589
379.28284646455614
590
590
590
590
590
379.28284646455614
591
591
591
591
591
379.28284646455614
592
592
592
592
592
379.28284646455614
593
593
593
593
593
379.28284646455614
594
594
594
594
594
379.28284646455614
595
595
595
595
595
379.28284646455614
596
596
596
596
596
379.28284646455614
597
597
597
597
597
379.28284646455614
598
598
598
598
598
379.28284646455614
599
599
599
599
599
379.28284646455614
600
600
600
600
600
379.28284646455614
601
601
601
601
601
379.28284646455614
602
602
602
602
602
379.28284646455614
603
603
603
603
603
379.28284646455614
604
604
604
604
604
379.28284646455614
605
605
605
605
605
379.28284646455614
606
606
606
606
606
379.28284646455614
607
607
607
607
607
379.28284646455614
608
608
608
608
608
379.28284646455614
609
609
609
609
609
379.28284646455614
610
610
610
610
610
379.28284646455614
611
611
611
611
611
379.28284646455614
612
612
612
612
612
379.28284646455614
613
613
613
613
613
379.28284646455614
614
614
614
614
614
379.28284646455614
615
615
615
615
615
379.28284646455614
616
616
616
616
616
379.28284646455614
617
617
617
617
617
379.28284646455614
618
618
618
618
618
379.28284646455614
619
619
619
619
619
379.28284646455614
620
620
620
620
620
379.28284646455614
621
621
621
621
621
379.28284646455614
622
622
622
622
622
379.28284646455614
623
623
623
623
623
379.28284646455614
624
624
624
624
624
379.28284646455614
625
625
625
625
625
379.28284646455614
626
626
626
626
626
379.28284646455614
627
627
627
627
627
379.28284646455614
628
628
628
628
628
379.28284646455614
629
629
629
629
629
379.28284646455614
630
630
630
630
630
379.28284646455614
631
631
631
631
631
379.28284646455614
632
632
632
632
632
379.28284646455614
633
633
633
633
633
379.28284646455614
634
634
634
634
634
379.28284646455614
635
635
635
635
635
379.28284646455614
636
636
636
636
636
379.28284646455614
637
637
637
637
637
379.28284646455614
638
638
638
638
638
379.28284646455614
639
639
639
639
639
379.28284646455614
640
640
640
640
640
379.28284646455614
641
641
641
641
641
379.28284646455614
642
642
642
642
642
379.28284646455614
643
643
643
643
643
379.28284646455614
644
644
644
644
644
379.28284646455614
645
645
645
645
645
379.28284646455614
646
646
646
646
646
379.28284646455614
647
647
647
647
647
379.28284646455614
648
648
648
648
648
379.28284646455614
649
649
649
649
649
379.28284646455614
650
650
650
650
650
379.28284646455614
651
651
651
651
651
379.28284646455614
652
652
652
652
652
379.28284646455614
653
653
653
653
653
379.28284646455614
654
654
654
654
654
379.28284646455614
655
655
655
655
655
379.28284646455614
656
656
656
656
656
379.28284646455614
657
657
657
657
657
379.28284646455614
658
658
658
658
658
379.28284646455614
659
659
659
659
659
379.28284646455614
660
660
660
660
660
379.28284646455614
661
661
661
661
661
379.28284646455614
662
662
662
662
662
379.28284646455614
663
663
663
663
663
379.28284646455614
664
664
664
664
664
379.28284646455614
665
665
665
665
665
379.28284646455614
666
666
666
666
666
379.28284646455614
667
667
667
667
667
379.28284646455614
668
668
668
668
668
379.28284646455614
669
669
669
669
669
379.28284646455614
670
670
670
670
670
379.28284646455614
671
671
671
671
671
379.28284646455614
672
672
672
672
672
379.28284646455614
673
673
673
673
673
379.28284646455614
674
674
674
674
674
379.28284646455614
675
675
675
675
675
379.28284646455614
676
676
676
676
676
379.28284646455614
677
677
677
677
677
379.28284646455614
678
678
678
678
678
379.28284646455614
679
679
679
679
679
379.28284646455614
680
680
680
680
680
379.28284646455614
681
681
681
681
681
379.28284646455614
682
682
682
682
682
379.28284646455614
683
683
683
683
683
379.28284646455614
684
684
684
684
684
379.28284646455614
685
685
685
685
685
379.28284646455614
686
686
686
686
686
379.28284646455614
687
687
687
687
687
379.28284646455614
688
688
688
688
688
379.28284646455614
689
689
689
689
689
379.28284646455614
690
690
690
690
690
379.28284646455614
691
691
691
691
691
379.28284646455614
692
692
692
692
692
379.28284646455614
693
693
693
693
693
379.28284646455614
694
694
694
694
694
379.28284646455614
695
695
695
695
695
379.28284646455614
696
696
696
696
696
379.28284646455614
697
697
697
697
697
379.28284646455614
698
698
698
698
698
379.28284646455614
699
699
699
699
699
379.28284646455614
700
700
700
700
700
379.28284646455614
701
701
701
701
701
379.28284646455614
702
702
702
702
702
379.28284646455614
703
703
703
703
703
379.28284646455614
704
704
704
704
704
379.28284646455614
705
705
705
705
705
379.28284646455614
706
706
706
706
706
379.28284646455614
707
707
707
707
707
379.28284646455614
708
708
708
708
708
379.28284646455614
709
709
709
709
709
379.28284646455614
710
710
710
710
710
379.28284646455614
711
711
711
711
711
379.28284646455614
712
712
712
712
712
379.28284646455614
713
713
713
713
713
379.28284646455614
714
714
714
714
714
379.28284646455614
715
715
715
715
715
379.28284646455614
716
716
716
716
716
379.28284646455614
717
717
717
717
717
379.28284646455614
718
718
718
718
718
379.28284646455614
719
719
719
719
719
379.28284646455614
720
720
720
720
720
379.28284646455614
721
721
721
721
721
379.28284646455614
722
722
722
722
722
379.28284646455614
723
723
723
723
723
379.28284646455614
724
724
724
724
724
379.28284646455614
725
725
725
725
725
379.28284646455614
726
726
726
726
726
379.28284646455614
727
727
727
727
727
379.28284646455614
728
728
728
728
728
379.28284646455614
729
729
729
729
729
379.28284646455614
730
730
730
730
730
379.28284646455614
731
731
731
731
731
379.28284646455614
732
732
732
732
732
379.28284646455614
733
733
733
733
733
379.28284646455614
734
734
734
734
734
379.28284646455614
735
735
735
735
735
379.28284646455614
736
736
736
736
736
379.28284646455614
737
737
737
737
737
379.28284646455614
738
738
738
738
738
379.28284646455614
739
739
739
739
739
379.28284646455614
740
740
740
740
740
379.28284646455614
741
741
741
741
741
379.28284646455614
742
742
742
742
742
379.28284646455614
743
743
743
743
743
379.28284646455614
744
744
744
744
744
379.28284646455614
745
745
745
745
745
379.28284646455614
746
746
746
746
746
379.28284646455614
747
747
747
747
747
379.28284646455614
748
748
748
748
748
379.28284646455614
749
749
749
749
749
379.28284646455614
750
750
750
750
750
379.28284646455614
751
751
751
751
751
379.28284646455614
752
752
752
752
752
379.28284646455614
753
753
753
753
753
379.28284646455614
754
754
754
754
754
379.28284646455614
755
755
755
755
755
379.28284646455614
756
756
756
756
756
379.28284646455614
757
757
757
757
757
379.28284646455614
758
758
758
758
758
379.28284646455614
759
759
759
759
759
379.28284646455614
760
760
760
760
760
379.28284646455614
761
761
761
761
761
379.28284646455614
762
762
762
762
762
379.28284646455614
763
763
763
763
763
379.28284646455614
764
764
764
764
764
379.28284646455614
765
765
765
765
765
379.28284646455614
766
766
766
766
766
379.28284646455614
767
767
767
767
767
379.28284646455614
768
768
768
768
768
379.28284646455614
769
769
769
769
769
379.28284646455614
770
770
770
770
770
379.28284646455614
771
771
771
771
771
379.28284646455614
772
772
772
772
772
379.28284646455614
773
773
773
773
773
379.28284646455614
774
774
774
774
774
379.28284646455614
775
775
775
775
775
379.28284646455614
776
776
776
776
776
379.28284646455614
777
777
777
777
777
379.28284646455614
778
778
778
778
778
379.28284646455614
779
779
779
779
779
379.28284646455614
780
780
780
780
780
379.28284646455614
781
781
781
781
781
379.28284646455614
782
782
782
782
782
379.28284646455614
783
783
783
783
783
379.28284646455614
784
784
784
784
784
379.28284646455614
785
785
785
785
785
379.28284646455614
786
786
786
786
786
379.28284646455614
787
787
787
787
787
379.28284646455614
788
788
788
788
788
379.28284646455614
789
789
789
789
789
379.28284646455614
790
790
790
790
790
379.28284646455614
791
791
791
791
791
379.28284646455614
792
792
792
792
792
379.28284646455614
793
793
793
793
793
379.28284646455614
794
794
794
794
794
379.28284646455614
795
795
795
795
795
379.28284646455614
796
796
796
796
796
379.28284646455614
797
797
797
797
797
379.28284646455614
798
798
798
798
798
379.28284646455614
799
799
799
799
799
379.28284646455614
800
800
800
800
800
379.28284646455614
801
801
801
801
801
379.28284646455614
802
802
802
802
802
379.28284646455614
803
803
803
803
803
379.28284646455614
804
804
804
804
804
379.28284646455614
805
805
805
805
805
379.28284646455614
806
806
806
806
806
379.28284646455614
807
807
807
807
807
379.28284646455614
808
808
808
808
808
379.28284646455614
809
809
809
809
809
379.28284646455614
810
810
810
810
810
379.28284646455614
811
811
811
811
811
379.28284646455614
812
812
812
812
812
379.28284646455614
813
813
813
813
813
379.28284646455614
814
814
814
814
814
379.28284646455614
815
815
815
815
815
379.28284646455614
816
816
816
816
816
379.28284646455614
817
817
817
817
817
379.28284646455614
818
818
818
818
818
379.28284646455614
819
819
819
819
819
379.28284646455614
820
820
820
820
820
379.28284646455614
821
821
821
821
821
379.28284646455614
822
822
822
822
822
379.28284646455614
823
823
823
823
823
379.28284646455614
824
824
824
824
824
379.28284646455614
825
825
825
825
825
379.28284646455614
826
826
826
826
826
379.28284646455614
827
827
827
827
827
379.28284646455614
828
828
828
828
828
379.28284646455614
829
829
829
829
829
379.28284646455614
830
830
830
830
830
379.28284646455614
831
831
831
831
831
379.28284646455614
832
832
832
832
832
379.28284646455614
833
833
833
833
833
379.28284646455614
834
834
834
834
834
379.28284646455614
835
835
835
835
835
379.28284646455614
836
836
836
836
836
379.28284646455614
837
837
837
837
837
379.28284646455614
838
838
838
838
838
379.28284646455614
839
839
839
839
839
379.28284646455614
840
840
840
840
840
379.28284646455614
841
841
841
841
841
379.28284646455614
842
842
842
842
842
379.28284646455614
843
843
843
843
843
379.28284646455614
844
844
844
844
844
379.28284646455614
845
845
845
845
845
379.28284646455614
846
846
846
846
846
379.28284646455614
847
847
847
847
847
379.28284646455614
848
848
848
848
848
379.28284646455614
849
849
849
849
849
379.28284646455614
850
850
850
850
850
379.28284646455614
851
851
851
851
851
379.28284646455614
852
852
852
852
852
379.28284646455614
853
853
853
853
853
379.28284646455614
854
854
854
854
854
379.28284646455614
855
855
855
855
855
379.28284646455614
856
856
856
856
856
379.28284646455614
857
857
857
857
857
379.28284646455614
858
858
858
858
858
379.28284646455614
859
859
859
859
859
379.28284646455614
860
860
860
860
860
379.28284646455614
861
861
861
861
861
379.28284646455614
862
862
862
862
862
379.28284646455614
863
863
863
863
863
379.28284646455614
864
864
864
864
864
379.28284646455614
865
865
865
865
865
379.28284646455614
866
866
866
866
866
379.28284646455614
867
867
867
867
867
379.28284646455614
868
868
868
868
868
379.28284646455614
869
869
869
869
869
379.28284646455614
870
870
870
870
870
379.28284646455614
871
871
871
871
871
379.28284646455614
872
872
872
872
872
379.28284646455614
873
873
873
873
873
379.28284646455614
874
874
874
874
874
379.28284646455614
875
875
875
875
875
379.28284646455614
876
876
876
876
876
379.28284646455614
877
877
877
877
877
379.28284646455614
878
878
878
878
878
379.28284646455614
879
879
879
879
879
379.28284646455614
880
880
880
880
880
379.28284646455614
881
881
881
881
881
379.28284646455614
882
882
882
882
882
379.28284646455614
883
883
883
883
883
379.28284646455614
884
884
884
884
884
379.28284646455614
885
885
885
885
885
379.28284646455614
886
886
886
886
886
379.28284646455614
887
887
887
887
887
379.28284646455614
888
888
888
888
888
379.28284646455614
889
889
889
889
889
379.28284646455614
890
890
890
890
890
379.28284646455614
891
891
891
891
891
379.28284646455614
892
892
892
892
892
379.28284646455614
893
893
893
893
893
379.28284646455614
894
894
894
894
894
379.28284646455614
895
895
895
895
895
379.28284646455614
896
896
896
896
896
379.28284646455614
897
897
897
897
897
379.28284646455614
898
898
898
898
898
379.28284646455614
899
899
899
899
899
379.28284646455614
900
900
900
900
900
379.28284646455614
901
901
901
901
901
379.28284646455614
902
902
902
902
902
379.28284646455614
903
903
903
903
903
379.28284646455614
904
904
904
904
904
379.28284646455614
905
905
905
905
905
379.28284646455614
906
906
906
906
906
379.28284646455614
907
907
907
907
907
379.28284646455614
908
908
908
908
908
379.28284646455614
909
909
909
909
909
379.28284646455614
910
910
910
910
910
379.28284646455614
911
911
911
911
911
379.28284646455614
912
912
912
912
912
379.28284646455614
913
913
913
913
913
379.28284646455614
914
914
914
914
914
379.28284646455614
915
915
915
915
915
379.28284646455614
916
916
916
916
916
379.28284646455614
917
917
917
917
917
379.28284646455614
918
918
918
918
918
379.28284646455614
919
919
919
919
919
379.28284646455614
920
920
920
920
920
379.28284646455614
921
921
921
921
921
379.28284646455614
922
922
922
922
922
379.28284646455614
923
923
923
923
923
379.28284646455614
924
924
924
924
924
379.28284646455614
925
925
925
925
925
379.28284646455614
926
926
926
926
926
379.28284646455614
927
927
927
927
927
379.28284646455614
928
928
928
928
928
379.28284646455614
929
929
929
929
929
379.28284646455614
930
930
930
930
930
379.28284646455614
931
931
931
931
931
379.28284646455614
932
932
932
932
932
379.28284646455614
933
933
933
933
933
379.28284646455614
934
934
934
934
934
379.28284646455614
935
935
935
935
935
379.28284646455614
936
936
936
936
936
379.28284646455614
937
937
937
937
937
379.28284646455614
938
938
938
938
938
379.28284646455614
939
939
939
939
939
379.28284646455614
940
940
940
940
940
379.28284646455614
941
941
941
941
941
379.28284646455614
942
942
942
942
942
379.28284646455614
943
943
943
943
943
379.28284646455614
944
944
944
944
944
379.28284646455614
945
945
945
945
945
379.28284646455614
946
946
946
946
946
379.28284646455614
947
947
947
947
947
379.28284646455614
948
948
948
948
948
379.28284646455614
949
949
949
949
949
379.28284646455614
950
950
950
950
950
379.28284646455614
951
951
951
951
951
379.28284646455614
952
952
952
952
952
379.28284646455614
953
953
953
953
953
379.28284646455614
954
954
954
954
954
379.28284646455614
955
955
955
955
955
379.28284646455614
956
956
956
956
956
379.28284646455614
957
957
957
957
957
379.28284646455614
958
958
958
958
958
379.28284646455614
959
959
959
959
959
379.28284646455614
960
960
960
960
960
379.28284646455614
961
961
961
961
961
379.28284646455614
962
962
962
962
962
379.28284646455614
963
963
963
963
963
379.28284646455614
964
964
964
964
964
379.28284646455614
965
965
965
965
965
379.28284646455614
966
966
966
966
966
379.28284646455614
967
967
967
967
967
379.28284646455614
968
968
968
968
968
379.28284646455614
969
969
969
969
969
379.28284646455614
970
970
970
970
970
379.28284646455614
971
971
971
971
971
379.28284646455614
972
972
972
972
972
379.28284646455614
973
973
973
973
973
379.28284646455614
974
974
974
974
974
379.28284646455614
975
975
975
975
975
379.28284646455614
976
976
976
976
976
379.28284646455614
977
977
977
977
977
379.28284646455614
978
978
978
978
978
379.28284646455614
979
979
979
979
979
379.28284646455614
980
980
980
980
980
379.28284646455614
981
981
981
981
981
379.28284646455614
982
982
982
982
982
379.28284646455614
983
983
983
983
983
379.28284646455614
984
984
984
984
984
379.28284646455614
985
985
985
985
985
379.28284646455614
986
986
986
986
986
379.28284646455614
987
987
987
987
987
379.28284646455614
988
988
988
988
988
351.0586239226329
989
989
989
989
989
379.28284646455614
990
990
990
990
990
379.28284646455614
991
991
991
991
991
379.28284646455614
992
992
992
992
992
379.28284646455614
993
993
993
993
993
379.28284646455614
994
994
994
994
994
379.28284646455614
995
995
995
995
995
379.28284646455614
996
996
996
996
996
379.28284646455614
997
997
997
997
997
379.28284646455614
998
998
998
998
998
379.28284646455614
999
999
999
999
999
379.28284646455614
WEAHDFLDKFLWKJERLWELR
0.001
0.001
0.998
