0
0
0
0
0
679.5674474977077
1
1
1
1
1
679.5674474977077
2
2
2
2
2
679.5674474977077
3
3
3
3
3
679.5674474977077
4
4
4
4
4
679.5674474977077
5
5
5
5
5
679.5674474977077
6
6
6
6
6
679.5674474977077
7
7
7
7
7
679.5674474977077
8
8
8
8
8
679.5674474977077
9
9
9
9
9
679.5674474977077
10
10
10
10
10
679.5674474977077
11
11
11
11
11
679.5674474977077
12
12
12
12
12
679.5674474977077
13
13
13
13
13
679.5674474977077
14
14
14
14
14
679.5674474977077
15
15
15
15
15
679.5674474977077
16
16
16
16
16
679.5674474977077
17
17
17
17
17
663.9833819723843
18
18
18
18
18
679.5674474977077
19
19
19
19
19
679.5674474977077
20
20
20
20
20
679.5674474977077
21
21
21
21
21
679.5674474977077
22
22
22
22
22
679.5674474977077
23
23
23
23
23
679.5674474977077
24
24
24
24
24
679.5674474977077
25
25
25
25
25
679.5674474977077
26
26
26
26
26
679.5674474977077
27
27
27
27
27
679.5674474977077
28
28
28
28
28
679.5674474977077
29
29
29
29
29
679.5674474977077
30
30
30
30
30
679.5674474977077
31
31
31
31
31
679.5674474977077
32
32
32
32
32
679.5674474977077
33
33
33
33
33
679.5674474977077
34
34
34
34
34
679.5674474977077
35
35
35
35
35
679.5674474977077
36
36
36
36
36
679.5674474977077
37
37
37
37
37
679.5674474977077
38
38
38
38
38
679.5674474977077
39
39
39
39
39
679.5674474977077
40
40
40
40
40
679.5674474977077
41
41
41
41
41
679.5674474977077
42
42
42
42
42
679.5674474977077
43
43
43
43
43
679.5674474977077
44
44
44
44
44
679.5674474977077
45
45
45
45
45
679.5674474977077
46
46
46
46
46
679.5674474977077
47
47
47
47
47
679.5674474977077
48
48
48
48
48
679.5674474977077
49
49
49
49
49
679.5674474977077
50
50
50
50
50
679.5674474977077
51
51
51
51
51
679.5674474977077
52
52
52
52
52
679.5674474977077
53
53
53
53
53
679.5674474977077
54
54
54
54
54
679.5674474977077
55
55
55
55
55
679.5674474977077
56
56
56
56
56
679.5674474977077
57
57
57
57
57
679.5674474977077
58
58
58
58
58
679.5674474977077
59
59
59
59
59
679.5674474977077
60
60
60
60
60
679.5674474977077
61
61
61
61
61
679.5674474977077
62
62
62
62
62
679.5674474977077
63
63
63
63
63
679.5674474977077
64
64
64
64
64
679.5674474977077
65
65
65
65
65
679.5674474977077
66
66
66
66
66
679.5674474977077
67
67
67
67
67
679.5674474977077
68
68
68
68
68
679.5674474977077
69
69
69
69
69
679.5674474977077
70
70
70
70
70
679.5674474977077
71
71
71
71
71
679.5674474977077
72
72
72
72
72
679.5674474977077
73
73
73
73
73
679.5674474977077
74
74
74
74
74
679.5674474977077
75
75
75
75
75
679.5674474977077
76
76
76
76
76
679.5674474977077
77
77
77
77
77
679.5674474977077
78
78
78
78
78
679.5674474977077
79
79
79
79
79
679.5674474977077
80
80
80
80
80
679.5674474977077
81
81
81
81
81
679.5674474977077
82
82
82
82
82
679.5674474977077
83
83
83
83
83
679.5674474977077
84
84
84
84
84
679.5674474977077
85
85
85
85
85
663.9833819723843
86
86
86
86
86
679.5674474977077
87
87
87
87
87
679.5674474977077
88
88
88
88
88
679.5674474977077
89
89
89
89
89
679.5674474977077
90
90
90
90
90
679.5674474977077
91
91
91
91
91
679.5674474977077
92
92
92
92
92
679.5674474977077
93
93
93
93
93
679.5674474977077
94
94
94
94
94
679.5674474977077
95
95
95
95
95
679.5674474977077
96
96
96
96
96
679.5674474977077
97
97
97
97
97
679.5674474977077
98
98
98
98
98
679.5674474977077
99
99
99
99
99
663.9833819723843
100
100
100
100
100
679.5674474977077
101
101
101
101
101
679.5674474977077
102
102
102
102
102
679.5674474977077
103
103
103
103
103
679.5674474977077
104
104
104
104
104
679.5674474977077
105
105
105
105
105
679.5674474977077
106
106
106
106
106
679.5674474977077
107
107
107
107
107
679.5674474977077
108
108
108
108
108
679.5674474977077
109
109
109
109
109
679.5674474977077
110
110
110
110
110
679.5674474977077
111
111
111
111
111
679.5674474977077
112
112
112
112
112
679.5674474977077
113
113
113
113
113
679.5674474977077
114
114
114
114
114
679.5674474977077
115
115
115
115
115
679.5674474977077
116
116
116
116
116
679.5674474977077
117
117
117
117
117
679.5674474977077
118
118
118
118
118
679.5674474977077
119
119
119
119
119
679.5674474977077
120
120
120
120
120
679.5674474977077
121
121
121
121
121
679.5674474977077
122
122
122
122
122
679.5674474977077
123
123
123
123
123
679.5674474977077
124
124
124
124
124
679.5674474977077
125
125
125
125
125
679.5674474977077
126
126
126
126
126
679.5674474977077
127
127
127
127
127
679.5674474977077
128
128
128
128
128
679.5674474977077
129
129
129
129
129
679.5674474977077
130
130
130
130
130
679.5674474977077
131
131
131
131
131
679.5674474977077
132
132
132
132
132
679.5674474977077
133
133
133
133
133
679.5674474977077
134
134
134
134
134
679.5674474977077
135
135
135
135
135
679.5674474977077
136
136
136
136
136
679.5674474977077
137
137
137
137
137
679.5674474977077
138
138
138
138
138
679.5674474977077
139
139
139
139
139
679.5674474977077
140
140
140
140
140
679.5674474977077
141
141
141
141
141
679.5674474977077
142
142
142
142
142
679.5674474977077
143
143
143
143
143
679.5674474977077
144
144
144
144
144
679.5674474977077
145
145
145
145
145
679.5674474977077
146
146
146
146
146
679.5674474977077
147
147
147
147
147
663.9833819723843
148
148
148
148
148
679.5674474977077
149
149
149
149
149
679.5674474977077
150
150
150
150
150
679.5674474977077
151
151
151
151
151
679.5674474977077
152
152
152
152
152
679.5674474977077
153
153
153
153
153
679.5674474977077
154
154
154
154
154
679.5674474977077
155
155
155
155
155
679.5674474977077
156
156
156
156
156
679.5674474977077
157
157
157
157
157
679.5674474977077
158
158
158
158
158
679.5674474977077
159
159
159
159
159
679.5674474977077
160
160
160
160
160
679.5674474977077
161
161
161
161
161
679.5674474977077
162
162
162
162
162
679.5674474977077
163
163
163
163
163
679.5674474977077
164
164
164
164
164
679.5674474977077
165
165
165
165
165
679.5674474977077
166
166
166
166
166
679.5674474977077
167
167
167
167
167
679.5674474977077
168
168
168
168
168
679.5674474977077
169
169
169
169
169
679.5674474977077
170
170
170
170
170
679.5674474977077
171
171
171
171
171
679.5674474977077
172
172
172
172
172
679.5674474977077
173
173
173
173
173
679.5674474977077
174
174
174
174
174
679.5674474977077
175
175
175
175
175
679.5674474977077
176
176
176
176
176
679.5674474977077
177
177
177
177
177
679.5674474977077
178
178
178
178
178
679.5674474977077
179
179
179
179
179
679.5674474977077
180
180
180
180
180
679.5674474977077
181
181
181
181
181
679.5674474977077
182
182
182
182
182
679.5674474977077
183
183
183
183
183
679.5674474977077
184
184
184
184
184
679.5674474977077
185
185
185
185
185
679.5674474977077
186
186
186
186
186
679.5674474977077
187
187
187
187
187
679.5674474977077
188
188
188
188
188
679.5674474977077
189
189
189
189
189
679.5674474977077
190
190
190
190
190
679.5674474977077
191
191
191
191
191
679.5674474977077
192
192
192
192
192
679.5674474977077
193
193
193
193
193
679.5674474977077
194
194
194
194
194
679.5674474977077
195
195
195
195
195
679.5674474977077
196
196
196
196
196
679.5674474977077
197
197
197
197
197
679.5674474977077
198
198
198
198
198
679.5674474977077
199
199
199
199
199
679.5674474977077
200
200
200
200
200
679.5674474977077
201
201
201
201
201
663.9833819723843
202
202
202
202
202
679.5674474977077
203
203
203
203
203
679.5674474977077
204
204
204
204
204
679.5674474977077
205
205
205
205
205
679.5674474977077
206
206
206
206
206
663.9833819723843
207
207
207
207
207
679.5674474977077
208
208
208
208
208
679.5674474977077
209
209
209
209
209
679.5674474977077
210
210
210
210
210
679.5674474977077
211
211
211
211
211
679.5674474977077
212
212
212
212
212
679.5674474977077
213
213
213
213
213
679.5674474977077
214
214
214
214
214
679.5674474977077
215
215
215
215
215
679.5674474977077
216
216
216
216
216
679.5674474977077
217
217
217
217
217
679.5674474977077
218
218
218
218
218
679.5674474977077
219
219
219
219
219
679.5674474977077
220
220
220
220
220
679.5674474977077
221
221
221
221
221
663.9833819723843
222
222
222
222
222
679.5674474977077
223
223
223
223
223
679.5674474977077
224
224
224
224
224
679.5674474977077
225
225
225
225
225
679.5674474977077
226
226
226
226
226
679.5674474977077
227
227
227
227
227
679.5674474977077
228
228
228
228
228
679.5674474977077
229
229
229
229
229
663.9833819723843
230
230
230
230
230
679.5674474977077
231
231
231
231
231
679.5674474977077
232
232
232
232
232
679.5674474977077
233
233
233
233
233
679.5674474977077
234
234
234
234
234
679.5674474977077
235
235
235
235
235
679.5674474977077
236
236
236
236
236
679.5674474977077
237
237
237
237
237
679.5674474977077
238
238
238
238
238
679.5674474977077
239
239
239
239
239
679.5674474977077
240
240
240
240
240
679.5674474977077
241
241
241
241
241
679.5674474977077
242
242
242
242
242
679.5674474977077
243
243
243
243
243
679.5674474977077
244
244
244
244
244
679.5674474977077
245
245
245
245
245
679.5674474977077
246
246
246
246
246
679.5674474977077
247
247
247
247
247
679.5674474977077
248
248
248
248
248
679.5674474977077
249
249
249
249
249
679.5674474977077
250
250
250
250
250
679.5674474977077
251
251
251
251
251
679.5674474977077
252
252
252
252
252
679.5674474977077
253
253
253
253
253
679.5674474977077
254
254
254
254
254
679.5674474977077
255
255
255
255
255
679.5674474977077
256
256
256
256
256
679.5674474977077
257
257
257
257
257
679.5674474977077
258
258
258
258
258
679.5674474977077
259
259
259
259
259
679.5674474977077
260
260
260
260
260
679.5674474977077
261
261
261
261
261
679.5674474977077
262
262
262
262
262
679.5674474977077
263
263
263
263
263
679.5674474977077
264
264
264
264
264
679.5674474977077
265
265
265
265
265
679.5674474977077
266
266
266
266
266
679.5674474977077
267
267
267
267
267
679.5674474977077
268
268
268
268
268
679.5674474977077
269
269
269
269
269
679.5674474977077
270
270
270
270
270
679.5674474977077
271
271
271
271
271
679.5674474977077
272
272
272
272
272
679.5674474977077
273
273
273
273
273
679.5674474977077
274
274
274
274
274
679.5674474977077
275
275
275
275
275
679.5674474977077
276
276
276
276
276
679.5674474977077
277
277
277
277
277
679.5674474977077
278
278
278
278
278
679.5674474977077
279
279
279
279
279
679.5674474977077
280
280
280
280
280
679.5674474977077
281
281
281
281
281
679.5674474977077
282
282
282
282
282
679.5674474977077
283
283
283
283
283
679.5674474977077
284
284
284
284
284
679.5674474977077
285
285
285
285
285
679.5674474977077
286
286
286
286
286
679.5674474977077
287
287
287
287
287
679.5674474977077
288
288
288
288
288
679.5674474977077
289
289
289
289
289
679.5674474977077
290
290
290
290
290
679.5674474977077
291
291
291
291
291
679.5674474977077
292
292
292
292
292
679.5674474977077
293
293
293
293
293
679.5674474977077
294
294
294
294
294
679.5674474977077
295
295
295
295
295
679.5674474977077
296
296
296
296
296
679.5674474977077
297
297
297
297
297
679.5674474977077
298
298
298
298
298
679.5674474977077
299
299
299
299
299
679.5674474977077
300
300
300
300
300
679.5674474977077
301
301
301
301
301
679.5674474977077
302
302
302
302
302
679.5674474977077
303
303
303
303
303
679.5674474977077
304
304
304
304
304
679.5674474977077
305
305
305
305
305
679.5674474977077
306
306
306
306
306
663.9833819723843
307
307
307
307
307
679.5674474977077
308
308
308
308
308
679.5674474977077
309
309
309
309
309
679.5674474977077
310
310
310
310
310
679.5674474977077
311
311
311
311
311
679.5674474977077
312
312
312
312
312
679.5674474977077
313
313
313
313
313
679.5674474977077
314
314
314
314
314
679.5674474977077
315
315
315
315
315
679.5674474977077
316
316
316
316
316
679.5674474977077
317
317
317
317
317
679.5674474977077
318
318
318
318
318
679.5674474977077
319
319
319
319
319
679.5674474977077
320
320
320
320
320
679.5674474977077
321
321
321
321
321
679.5674474977077
322
322
322
322
322
679.5674474977077
323
323
323
323
323
679.5674474977077
324
324
324
324
324
679.5674474977077
325
325
325
325
325
679.5674474977077
326
326
326
326
326
679.5674474977077
327
327
327
327
327
679.5674474977077
328
328
328
328
328
679.5674474977077
329
329
329
329
329
679.5674474977077
330
330
330
330
330
679.5674474977077
331
331
331
331
331
679.5674474977077
332
332
332
332
332
679.5674474977077
333
333
333
333
333
679.5674474977077
334
334
334
334
334
679.5674474977077
335
335
335
335
335
679.5674474977077
336
336
336
336
336
679.5674474977077
337
337
337
337
337
679.5674474977077
338
338
338
338
338
679.5674474977077
339
339
339
339
339
679.5674474977077
340
340
340
340
340
679.5674474977077
341
341
341
341
341
679.5674474977077
342
342
342
342
342
679.5674474977077
343
343
343
343
343
679.5674474977077
344
344
344
344
344
679.5674474977077
345
345
345
345
345
679.5674474977077
346
346
346
346
346
679.5674474977077
347
347
347
347
347
679.5674474977077
348
348
348
348
348
679.5674474977077
349
349
349
349
349
679.5674474977077
350
350
350
350
350
679.5674474977077
351
351
351
351
351
679.5674474977077
352
352
352
352
352
679.5674474977077
353
353
353
353
353
679.5674474977077
354
354
354
354
354
679.5674474977077
355
355
355
355
355
679.5674474977077
356
356
356
356
356
679.5674474977077
357
357
357
357
357
679.5674474977077
358
358
358
358
358
679.5674474977077
359
359
359
359
359
679.5674474977077
360
360
360
360
360
679.5674474977077
361
361
361
361
361
679.5674474977077
362
362
362
362
362
679.5674474977077
363
363
363
363
363
679.5674474977077
364
364
364
364
364
679.5674474977077
365
365
365
365
365
679.5674474977077
366
366
366
366
366
679.5674474977077
367
367
367
367
367
663.9833819723843
368
368
368
368
368
679.5674474977077
369
369
369
369
369
679.5674474977077
370
370
370
370
370
679.5674474977077
371
371
371
371
371
679.5674474977077
372
372
372
372
372
679.5674474977077
373
373
373
373
373
663.9833819723843
374
374
374
374
374
679.5674474977077
375
375
375
375
375
679.5674474977077
376
376
376
376
376
679.5674474977077
377
377
377
377
377
679.5674474977077
378
378
378
378
378
679.5674474977077
379
379
379
379
379
679.5674474977077
380
380
380
380
380
679.5674474977077
381
381
381
381
381
679.5674474977077
382
382
382
382
382
679.5674474977077
383
383
383
383
383
679.5674474977077
384
384
384
384
384
679.5674474977077
385
385
385
385
385
679.5674474977077
386
386
386
386
386
679.5674474977077
387
387
387
387
387
679.5674474977077
388
388
388
388
388
679.5674474977077
389
389
389
389
389
679.5674474977077
390
390
390
390
390
679.5674474977077
391
391
391
391
391
679.5674474977077
392
392
392
392
392
679.5674474977077
393
393
393
393
393
679.5674474977077
394
394
394
394
394
679.5674474977077
395
395
395
395
395
679.5674474977077
396
396
396
396
396
679.5674474977077
397
397
397
397
397
679.5674474977077
398
398
398
398
398
679.5674474977077
399
399
399
399
399
679.5674474977077
400
400
400
400
400
679.5674474977077
401
401
401
401
401
679.5674474977077
402
402
402
402
402
679.5674474977077
403
403
403
403
403
679.5674474977077
404
404
404
404
404
679.5674474977077
405
405
405
405
405
679.5674474977077
406
406
406
406
406
679.5674474977077
407
407
407
407
407
679.5674474977077
408
408
408
408
408
679.5674474977077
409
409
409
409
409
679.5674474977077
410
410
410
410
410
679.5674474977077
411
411
411
411
411
679.5674474977077
412
412
412
412
412
679.5674474977077
413
413
413
413
413
679.5674474977077
414
414
414
414
414
679.5674474977077
415
415
415
415
415
679.5674474977077
416
416
416
416
416
679.5674474977077
417
417
417
417
417
679.5674474977077
418
418
418
418
418
679.5674474977077
419
419
419
419
419
679.5674474977077
420
420
420
420
420
679.5674474977077
421
421
421
421
421
679.5674474977077
422
422
422
422
422
663.9833819723843
423
423
423
423
423
679.5674474977077
424
424
424
424
424
679.5674474977077
425
425
425
425
425
679.5674474977077
426
426
426
426
426
679.5674474977077
427
427
427
427
427
679.5674474977077
428
428
428
428
428
663.9833819723843
429
429
429
429
429
679.5674474977077
430
430
430
430
430
679.5674474977077
431
431
431
431
431
679.5674474977077
432
432
432
432
432
679.5674474977077
433
433
433
433
433
679.5674474977077
434
434
434
434
434
679.5674474977077
435
435
435
435
435
679.5674474977077
436
436
436
436
436
679.5674474977077
437
437
437
437
437
679.5674474977077
438
438
438
438
438
679.5674474977077
439
439
439
439
439
679.5674474977077
440
440
440
440
440
679.5674474977077
441
441
441
441
441
679.5674474977077
442
442
442
442
442
679.5674474977077
443
443
443
443
443
679.5674474977077
444
444
444
444
444
679.5674474977077
445
445
445
445
445
679.5674474977077
446
446
446
446
446
679.5674474977077
447
447
447
447
447
679.5674474977077
448
448
448
448
448
679.5674474977077
449
449
449
449
449
679.5674474977077
450
450
450
450
450
679.5674474977077
451
451
451
451
451
679.5674474977077
452
452
452
452
452
679.5674474977077
453
453
453
453
453
679.5674474977077
454
454
454
454
454
679.5674474977077
455
455
455
455
455
679.5674474977077
456
456
456
456
456
679.5674474977077
457
457
457
457
457
679.5674474977077
458
458
458
458
458
679.5674474977077
459
459
459
459
459
679.5674474977077
460
460
460
460
460
663.9833819723843
461
461
461
461
461
679.5674474977077
462
462
462
462
462
679.5674474977077
463
463
463
463
463
679.5674474977077
464
464
464
464
464
679.5674474977077
465
465
465
465
465
679.5674474977077
466
466
466
466
466
679.5674474977077
467
467
467
467
467
679.5674474977077
468
468
468
468
468
679.5674474977077
469
469
469
469
469
679.5674474977077
470
470
470
470
470
679.5674474977077
471
471
471
471
471
679.5674474977077
472
472
472
472
472
679.5674474977077
473
473
473
473
473
679.5674474977077
474
474
474
474
474
679.5674474977077
475
475
475
475
475
679.5674474977077
476
476
476
476
476
679.5674474977077
477
477
477
477
477
679.5674474977077
478
478
478
478
478
679.5674474977077
479
479
479
479
479
679.5674474977077
480
480
480
480
480
679.5674474977077
481
481
481
481
481
679.5674474977077
482
482
482
482
482
679.5674474977077
483
483
483
483
483
679.5674474977077
484
484
484
484
484
679.5674474977077
485
485
485
485
485
679.5674474977077
486
486
486
486
486
679.5674474977077
487
487
487
487
487
679.5674474977077
488
488
488
488
488
679.5674474977077
489
489
489
489
489
679.5674474977077
490
490
490
490
490
679.5674474977077
491
491
491
491
491
679.5674474977077
492
492
492
492
492
679.5674474977077
493
493
493
493
493
679.5674474977077
494
494
494
494
494
679.5674474977077
495
495
495
495
495
679.5674474977077
496
496
496
496
496
679.5674474977077
497
497
497
497
497
679.5674474977077
498
498
498
498
498
679.5674474977077
499
499
499
499
499
679.5674474977077
500
500
500
500
500
679.5674474977077
501
501
501
501
501
679.5674474977077
502
502
502
502
502
679.5674474977077
503
503
503
503
503
663.9833819723843
504
504
504
504
504
679.5674474977077
505
505
505
505
505
679.5674474977077
506
506
506
506
506
679.5674474977077
507
507
507
507
507
679.5674474977077
508
508
508
508
508
679.5674474977077
509
509
509
509
509
679.5674474977077
510
510
510
510
510
679.5674474977077
511
511
511
511
511
679.5674474977077
512
512
512
512
512
679.5674474977077
513
513
513
513
513
679.5674474977077
514
514
514
514
514
679.5674474977077
515
515
515
515
515
679.5674474977077
516
516
516
516
516
679.5674474977077
517
517
517
517
517
679.5674474977077
518
518
518
518
518
679.5674474977077
519
519
519
519
519
679.5674474977077
520
520
520
520
520
679.5674474977077
521
521
521
521
521
679.5674474977077
522
522
522
522
522
679.5674474977077
523
523
523
523
523
679.5674474977077
524
524
524
524
524
679.5674474977077
525
525
525
525
525
679.5674474977077
526
526
526
526
526
679.5674474977077
527
527
527
527
527
679.5674474977077
528
528
528
528
528
679.5674474977077
529
529
529
529
529
679.5674474977077
530
530
530
530
530
679.5674474977077
531
531
531
531
531
679.5674474977077
532
532
532
532
532
679.5674474977077
533
533
533
533
533
679.5674474977077
534
534
534
534
534
679.5674474977077
535
535
535
535
535
679.5674474977077
536
536
536
536
536
679.5674474977077
537
537
537
537
537
679.5674474977077
538
538
538
538
538
679.5674474977077
539
539
539
539
539
679.5674474977077
540
540
540
540
540
679.5674474977077
541
541
541
541
541
679.5674474977077
542
542
542
542
542
679.5674474977077
543
543
543
543
543
679.5674474977077
544
544
544
544
544
679.5674474977077
545
545
545
545
545
679.5674474977077
546
546
546
546
546
663.9833819723843
547
547
547
547
547
679.5674474977077
548
548
548
548
548
679.5674474977077
549
549
549
549
549
679.5674474977077
550
550
550
550
550
679.5674474977077
551
551
551
551
551
679.5674474977077
552
552
552
552
552
679.5674474977077
553
553
553
553
553
679.5674474977077
554
554
554
554
554
679.5674474977077
555
555
555
555
555
679.5674474977077
556
556
556
556
556
679.5674474977077
557
557
557
557
557
679.5674474977077
558
558
558
558
558
679.5674474977077
559
559
559
559
559
679.5674474977077
560
560
560
560
560
679.5674474977077
561
561
561
561
561
679.5674474977077
562
562
562
562
562
679.5674474977077
563
563
563
563
563
679.5674474977077
564
564
564
564
564
679.5674474977077
565
565
565
565
565
679.5674474977077
566
566
566
566
566
679.5674474977077
567
567
567
567
567
679.5674474977077
568
568
568
568
568
679.5674474977077
569
569
569
569
569
679.5674474977077
570
570
570
570
570
679.5674474977077
571
571
571
571
571
679.5674474977077
572
572
572
572
572
679.5674474977077
573
573
573
573
573
679.5674474977077
574
574
574
574
574
679.5674474977077
575
575
575
575
575
679.5674474977077
576
576
576
576
576
679.5674474977077
577
577
577
577
577
663.9833819723843
578
578
578
578
578
679.5674474977077
579
579
579
579
579
679.5674474977077
580
580
580
580
580
679.5674474977077
581
581
581
581
581
679.5674474977077
582
582
582
582
582
679.5674474977077
583
583
583
583
583
679.5674474977077
584
584
584
584
584
679.5674474977077
585
585
585
585
585
679.5674474977077
586
586
586
586
586
679.5674474977077
587
587
587
587
587
679.5674474977077
588
588
588
588
588
679.5674474977077
589
589
589
589
589
679.5674474977077
590
590
590
590
590
679.5674474977077
591
591
591
591
591
679.5674474977077
592
592
592
592
592
679.5674474977077
593
593
593
593
593
679.5674474977077
594
594
594
594
594
679.5674474977077
595
595
595
595
595
679.5674474977077
596
596
596
596
596
679.5674474977077
597
597
597
597
597
679.5674474977077
598
598
598
598
598
679.5674474977077
599
599
599
599
599
679.5674474977077
600
600
600
600
600
679.5674474977077
601
601
601
601
601
679.5674474977077
602
602
602
602
602
679.5674474977077
603
603
603
603
603
679.5674474977077
604
604
604
604
604
679.5674474977077
605
605
605
605
605
679.5674474977077
606
606
606
606
606
679.5674474977077
607
607
607
607
607
679.5674474977077
608
608
608
608
608
679.5674474977077
609
609
609
609
609
679.5674474977077
610
610
610
610
610
679.5674474977077
611
611
611
611
611
679.5674474977077
612
612
612
612
612
679.5674474977077
613
613
613
613
613
679.5674474977077
614
614
614
614
614
679.5674474977077
615
615
615
615
615
679.5674474977077
616
616
616
616
616
663.9833819723843
617
617
617
617
617
679.5674474977077
618
618
618
618
618
679.5674474977077
619
619
619
619
619
679.5674474977077
620
620
620
620
620
663.9833819723843
621
621
621
621
621
679.5674474977077
622
622
622
622
622
679.5674474977077
623
623
623
623
623
679.5674474977077
624
624
624
624
624
679.5674474977077
625
625
625
625
625
679.5674474977077
626
626
626
626
626
679.5674474977077
627
627
627
627
627
679.5674474977077
628
628
628
628
628
679.5674474977077
629
629
629
629
629
679.5674474977077
630
630
630
630
630
679.5674474977077
631
631
631
631
631
679.5674474977077
632
632
632
632
632
679.5674474977077
633
633
633
633
633
679.5674474977077
634
634
634
634
634
679.5674474977077
635
635
635
635
635
679.5674474977077
636
636
636
636
636
679.5674474977077
637
637
637
637
637
679.5674474977077
638
638
638
638
638
679.5674474977077
639
639
639
639
639
679.5674474977077
640
640
640
640
640
679.5674474977077
641
641
641
641
641
679.5674474977077
642
642
642
642
642
679.5674474977077
643
643
643
643
643
679.5674474977077
644
644
644
644
644
679.5674474977077
645
645
645
645
645
679.5674474977077
646
646
646
646
646
679.5674474977077
647
647
647
647
647
679.5674474977077
648
648
648
648
648
679.5674474977077
649
649
649
649
649
679.5674474977077
650
650
650
650
650
679.5674474977077
651
651
651
651
651
679.5674474977077
652
652
652
652
652
679.5674474977077
653
653
653
653
653
679.5674474977077
654
654
654
654
654
679.5674474977077
655
655
655
655
655
679.5674474977077
656
656
656
656
656
679.5674474977077
657
657
657
657
657
679.5674474977077
658
658
658
658
658
679.5674474977077
659
659
659
659
659
679.5674474977077
660
660
660
660
660
679.5674474977077
661
661
661
661
661
679.5674474977077
662
662
662
662
662
679.5674474977077
663
663
663
663
663
679.5674474977077
664
664
664
664
664
679.5674474977077
665
665
665
665
665
679.5674474977077
666
666
666
666
666
679.5674474977077
667
667
667
667
667
679.5674474977077
668
668
668
668
668
679.5674474977077
669
669
669
669
669
679.5674474977077
670
670
670
670
670
679.5674474977077
671
671
671
671
671
679.5674474977077
672
672
672
672
672
679.5674474977077
673
673
673
673
673
679.5674474977077
674
674
674
674
674
679.5674474977077
675
675
675
675
675
679.5674474977077
676
676
676
676
676
679.5674474977077
677
677
677
677
677
679.5674474977077
678
678
678
678
678
679.5674474977077
679
679
679
679
679
679.5674474977077
680
680
680
680
680
679.5674474977077
681
681
681
681
681
679.5674474977077
682
682
682
682
682
679.5674474977077
683
683
683
683
683
679.5674474977077
684
684
684
684
684
679.5674474977077
685
685
685
685
685
679.5674474977077
686
686
686
686
686
679.5674474977077
687
687
687
687
687
679.5674474977077
688
688
688
688
688
679.5674474977077
689
689
689
689
689
679.5674474977077
690
690
690
690
690
679.5674474977077
691
691
691
691
691
679.5674474977077
692
692
692
692
692
679.5674474977077
693
693
693
693
693
679.5674474977077
694
694
694
694
694
679.5674474977077
695
695
695
695
695
679.5674474977077
696
696
696
696
696
679.5674474977077
697
697
697
697
697
679.5674474977077
698
698
698
698
698
679.5674474977077
699
699
699
699
699
679.5674474977077
700
700
700
700
700
679.5674474977077
701
701
701
701
701
679.5674474977077
702
702
702
702
702
679.5674474977077
703
703
703
703
703
679.5674474977077
704
704
704
704
704
679.5674474977077
705
705
705
705
705
679.5674474977077
706
706
706
706
706
679.5674474977077
707
707
707
707
707
679.5674474977077
708
708
708
708
708
679.5674474977077
709
709
709
709
709
679.5674474977077
710
710
710
710
710
679.5674474977077
711
711
711
711
711
679.5674474977077
712
712
712
712
712
679.5674474977077
713
713
713
713
713
679.5674474977077
714
714
714
714
714
679.5674474977077
715
715
715
715
715
679.5674474977077
716
716
716
716
716
679.5674474977077
717
717
717
717
717
679.5674474977077
718
718
718
718
718
679.5674474977077
719
719
719
719
719
679.5674474977077
720
720
720
720
720
679.5674474977077
721
721
721
721
721
679.5674474977077
722
722
722
722
722
679.5674474977077
723
723
723
723
723
679.5674474977077
724
724
724
724
724
679.5674474977077
725
725
725
725
725
679.5674474977077
726
726
726
726
726
679.5674474977077
727
727
727
727
727
679.5674474977077
728
728
728
728
728
679.5674474977077
729
729
729
729
729
679.5674474977077
730
730
730
730
730
679.5674474977077
731
731
731
731
731
679.5674474977077
732
732
732
732
732
679.5674474977077
733
733
733
733
733
679.5674474977077
734
734
734
734
734
679.5674474977077
735
735
735
735
735
679.5674474977077
736
736
736
736
736
679.5674474977077
737
737
737
737
737
679.5674474977077
738
738
738
738
738
679.5674474977077
739
739
739
739
739
679.5674474977077
740
740
740
740
740
679.5674474977077
741
741
741
741
741
679.5674474977077
742
742
742
742
742
679.5674474977077
743
743
743
743
743
679.5674474977077
744
744
744
744
744
679.5674474977077
745
745
745
745
745
679.5674474977077
746
746
746
746
746
679.5674474977077
747
747
747
747
747
679.5674474977077
748
748
748
748
748
679.5674474977077
749
749
749
749
749
679.5674474977077
750
750
750
750
750
679.5674474977077
751
751
751
751
751
679.5674474977077
752
752
752
752
752
679.5674474977077
753
753
753
753
753
679.5674474977077
754
754
754
754
754
679.5674474977077
755
755
755
755
755
679.5674474977077
756
756
756
756
756
679.5674474977077
757
757
757
757
757
679.5674474977077
758
758
758
758
758
679.5674474977077
759
759
759
759
759
679.5674474977077
760
760
760
760
760
679.5674474977077
761
761
761
761
761
679.5674474977077
762
762
762
762
762
679.5674474977077
763
763
763
763
763
679.5674474977077
764
764
764
764
764
679.5674474977077
765
765
765
765
765
679.5674474977077
766
766
766
766
766
679.5674474977077
767
767
767
767
767
679.5674474977077
768
768
768
768
768
679.5674474977077
769
769
769
769
769
679.5674474977077
770
770
770
770
770
679.5674474977077
771
771
771
771
771
679.5674474977077
772
772
772
772
772
679.5674474977077
773
773
773
773
773
679.5674474977077
774
774
774
774
774
679.5674474977077
775
775
775
775
775
679.5674474977077
776
776
776
776
776
679.5674474977077
777
777
777
777
777
679.5674474977077
778
778
778
778
778
679.5674474977077
779
779
779
779
779
679.5674474977077
780
780
780
780
780
679.5674474977077
781
781
781
781
781
679.5674474977077
782
782
782
782
782
679.5674474977077
783
783
783
783
783
679.5674474977077
784
784
784
784
784
679.5674474977077
785
785
785
785
785
679.5674474977077
786
786
786
786
786
679.5674474977077
787
787
787
787
787
679.5674474977077
788
788
788
788
788
679.5674474977077
789
789
789
789
789
679.5674474977077
790
790
790
790
790
679.5674474977077
791
791
791
791
791
679.5674474977077
792
792
792
792
792
679.5674474977077
793
793
793
793
793
679.5674474977077
794
794
794
794
794
679.5674474977077
795
795
795
795
795
679.5674474977077
796
796
796
796
796
679.5674474977077
797
797
797
797
797
679.5674474977077
798
798
798
798
798
679.5674474977077
799
799
799
799
799
679.5674474977077
800
800
800
800
800
679.5674474977077
801
801
801
801
801
679.5674474977077
802
802
802
802
802
679.5674474977077
803
803
803
803
803
679.5674474977077
804
804
804
804
804
679.5674474977077
805
805
805
805
805
679.5674474977077
806
806
806
806
806
679.5674474977077
807
807
807
807
807
679.5674474977077
808
808
808
808
808
679.5674474977077
809
809
809
809
809
679.5674474977077
810
810
810
810
810
679.5674474977077
811
811
811
811
811
679.5674474977077
812
812
812
812
812
679.5674474977077
813
813
813
813
813
679.5674474977077
814
814
814
814
814
679.5674474977077
815
815
815
815
815
679.5674474977077
816
816
816
816
816
679.5674474977077
817
817
817
817
817
679.5674474977077
818
818
818
818
818
679.5674474977077
819
819
819
819
819
679.5674474977077
820
820
820
820
820
679.5674474977077
821
821
821
821
821
679.5674474977077
822
822
822
822
822
679.5674474977077
823
823
823
823
823
679.5674474977077
824
824
824
824
824
679.5674474977077
825
825
825
825
825
679.5674474977077
826
826
826
826
826
679.5674474977077
827
827
827
827
827
679.5674474977077
828
828
828
828
828
663.9833819723843
829
829
829
829
829
679.5674474977077
830
830
830
830
830
679.5674474977077
831
831
831
831
831
679.5674474977077
832
832
832
832
832
679.5674474977077
833
833
833
833
833
679.5674474977077
834
834
834
834
834
679.5674474977077
835
835
835
835
835
679.5674474977077
836
836
836
836
836
679.5674474977077
837
837
837
837
837
679.5674474977077
838
838
838
838
838
679.5674474977077
839
839
839
839
839
679.5674474977077
840
840
840
840
840
679.5674474977077
841
841
841
841
841
679.5674474977077
842
842
842
842
842
679.5674474977077
843
843
843
843
843
679.5674474977077
844
844
844
844
844
679.5674474977077
845
845
845
845
845
679.5674474977077
846
846
846
846
846
679.5674474977077
847
847
847
847
847
679.5674474977077
848
848
848
848
848
679.5674474977077
849
849
849
849
849
679.5674474977077
850
850
850
850
850
679.5674474977077
851
851
851
851
851
679.5674474977077
852
852
852
852
852
679.5674474977077
853
853
853
853
853
679.5674474977077
854
854
854
854
854
679.5674474977077
855
855
855
855
855
679.5674474977077
856
856
856
856
856
679.5674474977077
857
857
857
857
857
679.5674474977077
858
858
858
858
858
679.5674474977077
859
859
859
859
859
679.5674474977077
860
860
860
860
860
679.5674474977077
861
861
861
861
861
679.5674474977077
862
862
862
862
862
679.5674474977077
863
863
863
863
863
679.5674474977077
864
864
864
864
864
679.5674474977077
865
865
865
865
865
679.5674474977077
866
866
866
866
866
679.5674474977077
867
867
867
867
867
679.5674474977077
868
868
868
868
868
679.5674474977077
869
869
869
869
869
679.5674474977077
870
870
870
870
870
679.5674474977077
871
871
871
871
871
679.5674474977077
872
872
872
872
872
679.5674474977077
873
873
873
873
873
679.5674474977077
874
874
874
874
874
679.5674474977077
875
875
875
875
875
679.5674474977077
876
876
876
876
876
679.5674474977077
877
877
877
877
877
679.5674474977077
878
878
878
878
878
679.5674474977077
879
879
879
879
879
679.5674474977077
880
880
880
880
880
679.5674474977077
881
881
881
881
881
679.5674474977077
882
882
882
882
882
679.5674474977077
883
883
883
883
883
679.5674474977077
884
884
884
884
884
679.5674474977077
885
885
885
885
885
679.5674474977077
886
886
886
886
886
679.5674474977077
887
887
887
887
887
679.5674474977077
888
888
888
888
888
679.5674474977077
889
889
889
889
889
679.5674474977077
890
890
890
890
890
679.5674474977077
891
891
891
891
891
679.5674474977077
892
892
892
892
892
679.5674474977077
893
893
893
893
893
679.5674474977077
894
894
894
894
894
679.5674474977077
895
895
895
895
895
679.5674474977077
896
896
896
896
896
679.5674474977077
897
897
897
897
897
679.5674474977077
898
898
898
898
898
679.5674474977077
899
899
899
899
899
679.5674474977077
900
900
900
900
900
679.5674474977077
901
901
901
901
901
679.5674474977077
902
902
902
902
902
679.5674474977077
903
903
903
903
903
679.5674474977077
904
904
904
904
904
679.5674474977077
905
905
905
905
905
679.5674474977077
906
906
906
906
906
679.5674474977077
907
907
907
907
907
679.5674474977077
908
908
908
908
908
679.5674474977077
909
909
909
909
909
679.5674474977077
910
910
910
910
910
679.5674474977077
911
911
911
911
911
679.5674474977077
912
912
912
912
912
679.5674474977077
913
913
913
913
913
679.5674474977077
914
914
914
914
914
679.5674474977077
915
915
915
915
915
679.5674474977077
916
916
916
916
916
679.5674474977077
917
917
917
917
917
679.5674474977077
918
918
918
918
918
679.5674474977077
919
919
919
919
919
679.5674474977077
920
920
920
920
920
679.5674474977077
921
921
921
921
921
679.5674474977077
922
922
922
922
922
679.5674474977077
923
923
923
923
923
679.5674474977077
924
924
924
924
924
679.5674474977077
925
925
925
925
925
679.5674474977077
926
926
926
926
926
679.5674474977077
927
927
927
927
927
679.5674474977077
928
928
928
928
928
679.5674474977077
929
929
929
929
929
679.5674474977077
930
930
930
930
930
679.5674474977077
931
931
931
931
931
679.5674474977077
932
932
932
932
932
679.5674474977077
933
933
933
933
933
679.5674474977077
934
934
934
934
934
679.5674474977077
935
935
935
935
935
679.5674474977077
936
936
936
936
936
679.5674474977077
937
937
937
937
937
679.5674474977077
938
938
938
938
938
679.5674474977077
939
939
939
939
939
679.5674474977077
940
940
940
940
940
679.5674474977077
941
941
941
941
941
679.5674474977077
942
942
942
942
942
679.5674474977077
943
943
943
943
943
663.9833819723843
944
944
944
944
944
679.5674474977077
945
945
945
945
945
679.5674474977077
946
946
946
946
946
679.5674474977077
947
947
947
947
947
679.5674474977077
948
948
948
948
948
679.5674474977077
949
949
949
949
949
679.5674474977077
950
950
950
950
950
663.9833819723843
951
951
951
951
951
679.5674474977077
952
952
952
952
952
679.5674474977077
953
953
953
953
953
679.5674474977077
954
954
954
954
954
679.5674474977077
955
955
955
955
955
679.5674474977077
956
956
956
956
956
679.5674474977077
957
957
957
957
957
679.5674474977077
958
958
958
958
958
679.5674474977077
959
959
959
959
959
679.5674474977077
960
960
960
960
960
679.5674474977077
961
961
961
961
961
679.5674474977077
962
962
962
962
962
679.5674474977077
963
963
963
963
963
679.5674474977077
964
964
964
964
964
679.5674474977077
965
965
965
965
965
679.5674474977077
966
966
966
966
966
679.5674474977077
967
967
967
967
967
679.5674474977077
968
968
968
968
968
679.5674474977077
969
969
969
969
969
679.5674474977077
970
970
970
970
970
679.5674474977077
971
971
971
971
971
679.5674474977077
972
972
972
972
972
679.5674474977077
973
973
973
973
973
663.9833819723843
974
974
974
974
974
679.5674474977077
975
975
975
975
975
679.5674474977077
976
976
976
976
976
679.5674474977077
977
977
977
977
977
679.5674474977077
978
978
978
978
978
679.5674474977077
979
979
979
979
979
679.5674474977077
980
980
980
980
980
679.5674474977077
981
981
981
981
981
679.5674474977077
982
982
982
982
982
679.5674474977077
983
983
983
983
983
679.5674474977077
984
984
984
984
984
679.5674474977077
985
985
985
985
985
679.5674474977077
986
986
986
986
986
679.5674474977077
987
987
987
987
987
679.5674474977077
988
988
988
988
988
679.5674474977077
989
989
989
989
989
679.5674474977077
990
990
990
990
990
679.5674474977077
991
991
991
991
991
679.5674474977077
992
992
992
992
992
679.5674474977077
993
993
993
993
993
679.5674474977077
994
994
994
994
994
679.5674474977077
995
995
995
995
995
663.9833819723843
996
996
996
996
996
679.5674474977077
997
997
997
997
997
679.5674474977077
998
998
998
998
998
679.5674474977077
999
999
999
999
999
679.5674474977077
WEAHDFLDKFLWKJERLWELR
0.024
0.976
