0
0
0
0
0
379.28284646455614
1
1
1
1
1
379.28284646455614
2
2
2
2
2
376.65810345922347
3
3
3
3
3
379.28284646455614
4
4
4
4
4
379.28284646455614
5
5
5
5
5
379.28284646455614
6
6
6
6
6
379.28284646455614
7
7
7
7
7
379.28284646455614
8
8
8
8
8
379.28284646455614
9
9
9
9
9
379.28284646455614
10
10
10
10
10
379.28284646455614
11
11
11
11
11
379.28284646455614
12
12
12
12
12
379.28284646455614
13
13
13
13
13
379.28284646455614
14
14
14
14
14
379.28284646455614
15
15
15
15
15
379.28284646455614
16
16
16
16
16
379.28284646455614
17
17
17
17
17
379.28284646455614
18
18
18
18
18
379.28284646455614
19
19
19
19
19
379.28284646455614
20
20
20
20
20
379.28284646455614
21
21
21
21
21
379.28284646455614
22
22
22
22
22
379.28284646455614
23
23
23
23
23
379.28284646455614
24
24
24
24
24
379.28284646455614
25
25
25
25
25
379.28284646455614
26
26
26
26
26
379.28284646455614
27
27
27
27
27
379.28284646455614
28
28
28
28
28
379.28284646455614
29
29
29
29
29
379.28284646455614
30
30
30
30
30
379.28284646455614
31
31
31
31
31
379.28284646455614
32
32
32
32
32
379.28284646455614
33
33
33
33
33
379.28284646455614
34
34
34
34
34
379.28284646455614
35
35
35
35
35
379.28284646455614
36
36
36
36
36
379.28284646455614
37
37
37
37
37
379.28284646455614
38
38
38
38
38
379.28284646455614
39
39
39
39
39
379.28284646455614
40
40
40
40
40
379.28284646455614
41
41
41
41
41
379.28284646455614
42
42
42
42
42
379.28284646455614
43
43
43
43
43
379.28284646455614
44
44
44
44
44
379.28284646455614
45
45
45
45
45
379.28284646455614
46
46
46
46
46
379.28284646455614
47
47
47
47
47
379.28284646455614
48
48
48
48
48
379.28284646455614
49
49
49
49
49
379.28284646455614
50
50
50
50
50
379.28284646455614
51
51
51
51
51
379.28284646455614
52
52
52
52
52
379.28284646455614
53
53
53
53
53
379.28284646455614
54
54
54
54
54
379.28284646455614
55
55
55
55
55
379.28284646455614
56
56
56
56
56
379.28284646455614
57
57
57
57
57
379.28284646455614
58
58
58
58
58
379.28284646455614
59
59
59
59
59
379.28284646455614
60
60
60
60
60
379.28284646455614
61
61
61
61
61
379.28284646455614
62
62
62
62
62
379.28284646455614
63
63
63
63
63
379.28284646455614
64
64
64
64
64
379.28284646455614
65
65
65
65
65
379.28284646455614
66
66
66
66
66
379.28284646455614
67
67
67
67
67
379.28284646455614
68
68
68
68
68
379.28284646455614
69
69
69
69
69
379.28284646455614
70
70
70
70
70
379.28284646455614
71
71
71
71
71
379.28284646455614
72
72
72
72
72
379.28284646455614
73
73
73
73
73
379.28284646455614
74
74
74
74
74
379.28284646455614
75
75
75
75
75
379.28284646455614
76
76
76
76
76
379.28284646455614
77
77
77
77
77
379.28284646455614
78
78
78
78
78
379.28284646455614
79
79
79
79
79
379.28284646455614
80
80
80
80
80
379.28284646455614
81
81
81
81
81
379.28284646455614
82
82
82
82
82
379.28284646455614
83
83
83
83
83
379.28284646455614
84
84
84
84
84
379.28284646455614
85
85
85
85
85
379.28284646455614
86
86
86
86
86
379.28284646455614
87
87
87
87
87
379.28284646455614
88
88
88
88
88
379.28284646455614
89
89
89
89
89
379.28284646455614
90
90
90
90
90
379.28284646455614
91
91
91
91
91
379.28284646455614
92
92
92
92
92
379.28284646455614
93
93
93
93
93
379.28284646455614
94
94
94
