inRep: 0
0.5000000079990319
0.5000201887969812
0.5000201887969812
0.5350140968219478
0.9357618046927236
0.9419116854468981
0.9425971023403723
0.9487948594192024
0.9703261736570812
0.9890172937272784
0.9966796532057061
0.997359859276044
0.9975427633876708
0.9975427633876708
0.9975427772981114
0.9975440556038593
0.9975440556038593
0.9975440556038593
0.9975441343702534
0.9975441343702534
0.9975441343702534
0.9975441412264059
0.9975441418012666
0.9975441418012666
0.9975441418012666
0.9975441418012666
0.9975441418012666
0.9975441418012666
0.9975441418284647
0.9975441418284647
0.9975441418284647
0.9975441418284967
0.9975441418284967
0.9975441418284967
0.9975441418284967
0.9975441418284967
0.9975441418284967
0.9975441418284967
0.9975441418284967
0.9975441418284967
0.9975441418284967
0.9975441418284967
0.9975441418284967
0.9975441418284967
0.9975441418284967
0.9975441418284967
0.9975441418284967
0.9975441418285032
0.9975441418285032
0.9975441418285032
0.9975441418285032
0.9975441418285032
0.9975441418285032
0.9975441418285032
0.9975441418285032
0.9975441418285032
0.9975441418285032
0.9975441418285032
0.9975441418285032
0.9975441418285032
0.9975441418285032
0.9975441418285032
0.9975441418285032
0.9975441418285032
0.9975441418285032
0.9975441418285032
0.9975441418285032
0.9975441418285032
0.9975441418285032
0.9975441418285032
0.9975441418285032
0.9975441418285032
0.9975441418285032
0.9975441418285032
0.9975441418285032
0.9975441418285032
0.9975441418285032
0.9975441418285032
0.9975441418285032
0.9975441418285032
0.9975441418285032
0.9975441418285032
0.9975441418285032
0.9975441418285032
0.9975441418285032
0.9975441418285032
0.9975441418285032
0.9975441418285032
0.9975441418285032
0.9975441418285032
0.9975441418285032
0.9975441418285032
0.9975441418285032
0.9975441418285032
0.9975441418285032
0.9975441418285032
0.9975441418285032
0.9975441418285032
0.9975441418285032
0.9975441418285032
0.9975441418285032
0.9975441418285032
0.9975441418285032
0.9975441418285032
0.9975441418285032
0.9975441418285032
0.9975441418285032
0.9975441418285032
0.9975441418285032
0.9975441418285032
0.9975441418285032
0.9975441418285032
0.9975441418285032
0.9975441418285032
0.9975441418285032
0.9975441418285032
0.9975441418285032
0.9975441418285032
0.9975441418285032
0.9975441418285032
0.9975441418285032
0.9975441418285032
0.9975441418285032
0.9975441418285032
0.9975441418285032
0.9975441418285032
0.9975441418285032
0.9975441418285032
0.9975441418285032
0.9975441418285032
0.9975441418285032
0.9975441418285032
0.9975441418285032
0.9975441418285032
0.9975441418285032
0.9975441418285032
0.9975441418285032
0.9975441418285032
0.9975441418285032
0.9975441418285032
0.9975441418285032
0.9975441418285032
0.9975441418285032
0.9975441418285032
0.9975441418285032
0.9975441418285032
0.9975441418285032
0.9975441418285032
0.9975441418285032
0.9975441418285032
0.9975441418285032
0.9975441418285032
0.9975441418285032
0.9975441418285032
0.9975441418285032
0.9975441418285032
0.9975441418285032
0.9975441418285032
0.9975441418285032
0.9975441418285032
0.9975441418285032
0.9975441418285032
0.9975441418285032
0.9975441418285032
0.9975441418285032
0.9975441418285032
0.9975441418285032
0.9975441418285032
0.9975441418285032
0.9975441418285032
0.9975441418285032
0.9975441418285032
0.9975441418285032
0.9975441418285032
0.9975441418285032
0.9975441418285032
0.9975441418285032
0.9975441418285032
0.9975441418285032
0.9975441418285032
0.9975441418285032
0.9975441418285032
0.9975441418285032
0.9975441418285032
0.9975441418285032
0.9975441418285032
0.9975441418285032
0.9975441418285032
0.9975441418285032
0.9975441418285032
0.9975441418285032
0.9975441418285032
0.9975441418285032
0.9975441418285032
0.9975441418285032
0.9975441418285032
0.9975441418285032
0.9975441418285032
0.9975441418285032
0.9975441418285032
0.9975441418285032
0.9975441418285032
0.9975441418285032
0.9975441418285032
0.9975441418285032
0.9975441418285032
0.9975441418285032
0.9975441418285032
0.9975441418285032
0.9975441418285032
0.9975441418285032
0.9975441418285032
0.9975441418285032
0.9975441418285032
0.9975441418285032
0.9975441418285032
0.9975441418285032
0.9975441418285032
0.9975441418285032
0.9975441418285032
0.9975441418285032
0.9975441418285032
0.9975441418285032
0.9975441418285032
0.9975441418285032
0.9975441418285032
0.9975441418285032
0.9975441418285032
0.9975441418285032
0.9975441418285032
0.9975441418285032
0.9975441418285032
0.9975441418285032
0.9975441418285032
0.9975441418285032
0.9975441418285032
0.9975441418285032
0.9975441418285032
0.9975441418285032
0.9975441418285032
0.9975441418285032
0.9975441418285032
0.9975441418285032
0.9975441418285032
0.9975441418285032
0.9975441418285032
0.9975441418285032
0.9975441418285032
0.9975441418285032
0.9975441418285032
0.9975441418285032
0.9975441418285032
0.9975441418285032
0.9975441418285032
0.9975441418285032
0.9975441418285032
0.9975441418285032
0.9975441418285032
0.9975441418285032
0.9975441418285032
0.9975441418285032
0.9975441418285032
0.9975441418285032
0.9975441418285032
0.9975441418285032
0.9975441418285032
0.9975441418285032
0.9975441418285032
0.9975441418285032
0.9975441418285032
0.9975441418285032
0.9975441418285032
0.9975441418285032
0.9975441418285032
0.9975441418285032
0.9975441418285032
0.9975441418285032
0.9975441418285032
0.9975441418285032
0.9975441418285032
0.9975441418285032
0.9975441418285032
0.9975441418285032
0.9975441418285032
0.9975441418285032
0.9975441418285032
0.9975441418285032
0.9975441418285032
0.9975441418285032
0.9975441418285032
0.9975441418285032
0.9975441418285032
0.9975441418285032
0.9975441418285032
0.9975441418285032
0.9975441418285032
0.9975441418285032
0.9975441418285032
0.9975441418285032
0.9975441418285032
0.9975441418285032
0.9975441418285032
0.9975441418285032
0.9975441418285032
0.9975441418285032
0.9975441418285032
0.9975441418285032
0.9975441418285032
0.9975441418285032
0.9975441418285032
0.9975441418285032
0.9975441418285032
0.9975441418285032
0.9975441418285032
0.9975441418285032
0.9975441418285032
0.9975441418285032
0.9975441418285032
0.9975441418285032
0.9975441418285032
0.9975441418285032
0.9975441418285032
0.9975441418285032
0.9975441418285032
0.9975441418285032
0.9975441418285032
0.9975441418285032
0.9975441418285032
0.9975441418285032
0.9975441418285032
0.9975441418285032
0.9975441418285032
0.9975441418285032
0.9975441418285032
0.9975441418285032
0.9975441418285032
0.9975441418285032
0.9975441418285032
0.9975441418285032
0.9975441418285032
0.9975441418285032
0.9975441418285032
0.9975441418285032
0.9975441418285032
0.9975441418285032
0.9975441418285032
0.9975441418285032
0.9975441418285032
0.9975441418285032
0.9975441418285032
0.9975441418285032
0.9975441418285032
0.9975441418285032
0.9975441418285032
0.9975441418285032
0.9975441418285032
0.9975441418285032
0.9975441418285032
0.9975441418285032
0.9975441418285032
0.9975441418285032
0.9975441418285032
0.9975441418285032
0.9975441418285032
0.9975441418285032
0.9975441418285032
0.9975441418285032
0.9975441418285032
0.9975441418285032
0.9975441418285032
0.9975441418285032
0.9975441418285032
0.9975441418285032
0.9975441418285032
0.9975441418285032
0.9975441418285032
0.9975441418285032
0.9975441418285032
0.9975441418285032
0.9975441418285032
0.9975441418285032
0.9975441418285032
0.9975441418285032
0.9975441418285032
0.9975441418285032
0.9975441418285032
0.9975441418285032
0.9975441418285032
0.9975441418285032
0.9975441418285032
0.9975441418285032
0.9975441418285032
0.9975441418285032
0.9975441418285032
0.9975441418285032
0.9975441418285032
0.9975441418285032
0.9975441418285032
0.9975441418285032
0.9975441418285032
0.9975441418285032
0.9975441418285032
0.9975441418285032
0.9975441418285032
0.9975441418285032
0.9975441418285032
0.9975441418285032
0.9975441418285032
0.9975441418285032
0.9975441418285032
0.9975441418285032
0.9975441418285032
0.9975441418285032
0.9975441418285032
0.9975441418285032
0.9975441418285032
0.9975441418285032
0.9975441418285032
0.9975441418285032
0.9975441418285032
0.9975441418285032
0.9975441418285032
0.9975441418285032
0.9975441418285032
0.9975441418285032
0.9975441418285032
0.9975441418285032
0.9975441418285032
0.9975441418285032
0.9975441418285032
0.9975441418285032
0.9975441418285032
0.9975441418285032
0.9975441418285032
0.9975441418285032
0.9975441418285032
0.9975441418285032
0.9975441418285032
0.9975441418285032
0.9975441418285032
0.9975441418285032
0.9975441418285032
0.9975441418285032
0.9975441418285032
0.9975441418285032
0.9975441418285032
0.9975441418285032
0.9975441418285032
0.9975441418285032
0.9975441418285032
0.9975441418285032
0.9975441418285032
0.9975441418285032
0.9975441418285032
0.9975441418285032
0.9975441418285032
0.9975441418285032
0.9975441418285032
0.9975441418285032
0.9975441418285032
0.9975441418285032
0.9975441418285032
0.9975441418285032
0.9975441418285032
0.9975441418285032
0.9975441418285032
0.9975441418285032
0.9975441418285032
0.9975441418285032
0.9975441418285032
0.9975441418285032
0.9975441418285032
0.9975441418285032
0.9975441418285032
0.9975441418285032
0.9975441418285032
0.9975441418285032
0.9975441418285032
0.9975441418285032
0.9975441418285032
0.9975441418285032
0.9975441418285032
0.9975441418285032
0.9975441418285032
0.9975441418285032
0.9975441418285032
0.9975441418285032
0.9975441418285032
0.9975441418285032
0.9975441418285032
0.9975441418285032
0.9975441418285032
0.9975441418285032
0.9975441418285032
0.9975441418285032
0.9975441418285032
0.9975441418285032
0.9975441418285032
0.9975441418285032
0.9975441418285032
0.9975441418285032
0.9975441418285032
0.9975441418285032
0.9975441418285032
0.9975441418285032
0.9975441418285032
0.9975441418285032
0.9975441418285032
0.9975441418285032
0.9975441418285032
0.9975441418285032
0.9975441418285032
0.9975441418285032
0.9975441418285032
0.9975441418285032
0.9975441418285032
0.9975441418285032
0.9975441418285032
0.9975441418285032
0.9975441418285032
0.9975441418285032
0.9975441418285032
0.9975441418285032
0.9975441418285032
0.9975441418285032
0.9975441418285032
0.9975441418285032
0.9975441418285032
0.9975441418285032
0.9975441418285032
0.9975441418285032
0.9975441418285032
0.9975441418285032
0.9975441418285032
0.9975441418285032
0.9975441418285032
0.9975441418285032
0.9975441418285032
0.9975441418285032
0.9975441418285032
0.9975441418285032
0.9975441418285032
0.9975441418285032
0.9975441418285032
0.9975441418285032
0.9975441418285032
0.9975441418285032
0.9975441418285032
0.9975441418285032
Best gene:    -0.07603170300285456, 1.5673879545659872
Best fitness: 0.9975441418285032
1.0
