inRep: 0
0.5000023115758133
0.5000023115758133
0.5004504998065877
0.5017671955356329
0.5259707926146664
0.5924872238294194
0.9426831287573734
0.9636504299603279
0.9724506001252067
0.9975091828965266
0.9975425922759987
0.9975425922759987
0.9975441263036049
0.9975441263036049
0.9975441413163764
0.9975441418228919
0.9975441418228919
0.9975441418228919
0.9975441418228919
0.9975441418228919
0.9975441418228919
0.9975441418228919
0.9975441418228919
0.9975441418228919
0.9975441418228919
0.9975441418228919
0.9975441418228919
0.9975441418228919
0.9975441418228919
0.9975441418228919
0.9975441418228919
0.9975441418228919
0.9975441418228919
0.9975441418228919
0.9975441418228919
0.9975441418228919
0.9975441418228919
0.9975441418228919
0.9975441418228919
0.9975441418228919
0.9975441418228919
0.9975441418228919
0.9975441418228919
0.9975441418228919
0.9975441418228919
0.9975441418228919
0.9975441418228919
0.9975441418228919
0.9975441418228919
0.9975441418228919
0.9975441418228919
0.9975441418228919
0.9975441418228919
0.9975441418228919
0.9975441418228919
0.9975441418228919
0.9975441418228919
0.9975441418228919
0.9975441418228919
0.9975441418228919
0.9975441418228919
0.9975441418228919
0.9975441418228919
0.9975441418228919
0.9975441418228919
0.9975441418228919
0.9975441418228919
0.9975441418228919
0.9975441418228919
0.9975441418228919
0.9975441418228919
0.9975441418228919
0.9975441418228919
0.9975441418228919
0.9975441418228919
0.9975441418228919
0.9975441418228919
0.9975441418228919
0.9975441418228919
0.9975441418228919
0.9975441418228919
0.9975441418228919
0.9975441418228919
0.9975441418228919
0.9975441418228919
0.9975441418228919
0.9975441418228919
0.9975441418228919
0.9975441418228919
0.9975441418228919
0.9975441418228919
0.9975441418228919
0.9975441418228919
0.9975441418228919
0.9975441418228919
0.9975441418228919
0.9975441418228919
0.9975441418228919
0.9975441418228919
0.9975441418228919
0.9975441418228919
0.9975441418228919
0.9975441418228919
0.9975441418228919
0.9975441418228919
0.9975441418228919
0.9975441418228919
0.9975441418228919
0.9975441418228919
0.9975441418228919
0.9975441418228919
0.9975441418228919
0.9975441418228919
0.9975441418228919
0.9975441418228919
0.9975441418228919
0.9975441418228919
0.9975441418228919
0.9975441418228919
0.9975441418228919
0.9975441418228919
0.9975441418228919
0.9975441418228919
0.9975441418228919
0.9975441418228919
0.9975441418228919
0.9975441418228919
0.9975441418228919
0.9975441418228919
0.9975441418228919
0.9975441418228919
0.9975441418228919
0.9975441418228919
0.9975441418228919
0.9975441418228919
0.9975441418228919
0.9975441418228919
0.9975441418228919
0.9975441418228919
0.9975441418228919
0.9975441418228919
0.9975441418228919
0.9975441418228919
0.9975441418228919
0.9975441418228919
0.9975441418228919
0.9975441418228919
0.9975441418228919
0.9975441418228919
0.9975441418228919
0.9975441418285022
0.9975441418285022
0.9975441418285022
0.9975441418285022
0.9975441418285022
0.9975441418285022
0.9975441418285022
0.9975441418285022
0.9975441418285022
0.9975441418285022
0.9975441418285022
0.9975441418285022
0.9975441418285022
0.9975441418285022
0.9975441418285022
0.9975441418285022
0.9975441418285022
0.9975441418285022
0.9975441418285022
0.9975441418285022
0.9975441418285022
0.9975441418285022
0.9975441418285022
0.9975441418285022
0.9975441418285022
0.9975441418285022
0.9975441418285022
0.9975441418285022
0.9975441418285022
0.9975441418285022
0.9975441418285022
0.9975441418285022
0.9975441418285022
0.9975441418285022
0.9975441418285022
0.9975441418285022
0.9975441418285022
0.9975441418285022
0.9975441418285022
0.9975441418285022
0.9975441418285022
0.9975441418285022
0.9975441418285022
0.9975441418285022
0.9975441418285022
0.9975441418285022
0.9975441418285022
0.9975441418285022
0.9975441418285022
0.9975441418285022
0.9975441418285022
0.9975441418285022
0.9975441418285022
0.9975441418285022
0.9975441418285022
0.9975441418285022
0.9975441418285022
0.9975441418285022
0.9975441418285022
0.9975441418285022
0.9975441418285022
0.9975441418285022
0.9975441418285022
0.9975441418285022
0.9975441418285022
0.9975441418285022
0.9975441418285022
0.9975441418285022
0.9975441418285022
0.9975441418285022
0.9975441418285022
0.9975441418285022
0.9975441418285022
0.9975441418285022
0.9975441418285022
0.9975441418285022
0.9975441418285022
0.9975441418285022
0.9975441418285022
0.9975441418285022
0.9975441418285022
0.9975441418285022
0.9975441418285022
0.9975441418285022
0.9975441418285022
0.9975441418285022
0.9975441418285022
0.9975441418285022
0.9975441418285022
0.9975441418285022
0.9975441418285022
0.9975441418285022
0.9975441418285022
0.9975441418285022
0.9975441418285022
0.9975441418285022
0.9975441418285022
0.9975441418285022
0.9975441418285022
0.9975441418285022
0.9975441418285022
0.9975441418285022
0.9975441418285022
0.9975441418285022
0.9975441418285022
0.9975441418285022
0.9975441418285022
0.9975441418285022
0.9975441418285022
0.9975441418285022
0.9975441418285022
0.9975441418285022
0.9975441418285022
0.9975441418285022
0.9975441418285022
0.9975441418285022
0.9975441418285022
0.9975441418285022
0.9975441418285022
0.9975441418285022
0.9975441418285022
0.9975441418285022
0.9975441418285022
0.9975441418285022
0.9975441418285022
0.9975441418285022
0.9975441418285022
0.9975441418285022
0.9975441418285022
0.9975441418285022
0.9975441418285022
0.9975441418285022
0.9975441418285022
0.9975441418285022
0.9975441418285022
0.9975441418285022
0.9975441418285022
0.9975441418285022
0.9975441418285022
0.9975441418285022
0.9975441418285022
0.9975441418285022
0.9975441418285022
0.9975441418285022
0.9975441418285022
0.9975441418285022
0.9975441418285022
0.9975441418285022
0.9975441418285022
0.9975441418285022
0.9975441418285022
0.9975441418285022
0.9975441418285022
0.9975441418285022
0.9975441418285022
0.9975441418285022
0.9975441418285022
0.9975441418285022
0.9975441418285022
0.9975441418285022
0.9975441418285022
0.9975441418285022
0.9975441418285022
0.9975441418285022
0.9975441418285022
0.9975441418285022
0.9975441418285022
0.9975441418285022
0.9975441418285022
0.9975441418285022
0.9975441418285022
0.9975441418285022
0.9975441418285022
0.9975441418285022
0.9975441418285022
0.9975441418285022
0.9975441418285022
0.9975441418285022
0.9975441418285022
0.9975441418285022
0.9975441418285022
0.9975441418285022
0.9975441418285022
0.9975441418285022
0.9975441418285022
0.9975441418285022
0.9975441418285022
0.9975441418285022
0.9975441418285022
0.9975441418285022
0.9975441418285022
0.9975441418285022
0.9975441418285022
0.9975441418285022
0.9975441418285022
0.9975441418285022
0.9975441418285022
0.9975441418285022
0.9975441418285022
0.9975441418285022
0.9975441418285022
0.9975441418285022
0.9975441418285022
0.9975441418285022
0.9975441418285022
0.9975441418285022
0.9975441418285022
0.9975441418285022
0.9975441418285022
0.9975441418285022
0.9975441418285022
0.9975441418285022
0.9975441418285022
0.9975441418285022
0.9975441418285022
0.9975441418285022
0.9975441418285022
0.9975441418285022
0.9975441418285022
0.9975441418285022
0.9975441418285022
0.9975441418285022
0.9975441418285022
0.9975441418285022
0.9975441418285022
0.9975441418285022
0.9975441418285022
0.9975441418285022
0.9975441418285022
0.9975441418285022
0.9975441418285022
0.9975441418285022
0.9975441418285022
0.9975441418285022
0.9975441418285022
0.9975441418285022
0.9975441418285022
0.9975441418285022
0.9975441418285022
0.9975441418285022
0.9975441418285022
0.9975441418285022
0.9975441418285022
0.9975441418285022
0.9975441418285022
0.9975441418285022
0.9975441418285022
0.9975441418285022
0.9975441418285022
0.9975441418285022
0.9975441418285022
0.9975441418285022
0.9975441418285022
0.9975441418285022
0.9975441418285022
0.9975441418285022
0.9975441418285022
0.9975441418285022
0.9975441418285022
0.9975441418285022
0.9975441418285022
0.9975441418285022
0.9975441418285022
0.9975441418285022
0.9975441418285022
0.9975441418285022
0.9975441418285022
0.9975441418285022
0.9975441418285022
0.9975441418285022
0.9975441418285022
0.9975441418285022
0.9975441418285022
0.9975441418285022
0.9975441418285022
0.9975441418285022
0.9975441418285022
0.9975441418285022
0.9975441418285022
0.9975441418285022
0.9975441418285022
0.9975441418285022
0.9975441418285022
0.9975441418285022
0.9975441418285022
0.9975441418285022
0.9975441418285022
0.9975441418285022
0.9975441418285022
0.9975441418285022
0.9975441418285022
0.9975441418285022
0.9975441418285022
0.9975441418285022
0.9975441418285022
0.9975441418285022
0.9975441418285022
0.9975441418285022
0.9975441418285022
0.9975441418285022
0.9975441418285022
0.9975441418285022
0.9975441418285022
0.9975441418285022
0.9975441418285022
0.9975441418285022
0.9975441418285022
0.9975441418285022
0.9975441418285022
0.9975441418285022
0.9975441418285022
0.9975441418285022
0.9975441418285022
0.9975441418285022
0.9975441418285022
0.9975441418285022
0.9975441418285022
0.9975441418285022
0.9975441418285022
0.9975441418285022
0.9975441418285022
0.9975441418285022
0.9975441418285022
0.9975441418285022
0.9975441418285022
0.9975441418285022
0.9975441418285022
0.9975441418285022
0.9975441418285022
0.9975441418285022
0.9975441418285022
0.9975441418285022
0.9975441418285022
0.9975441418285022
0.9975441418285022
0.9975441418285022
0.9975441418285022
0.9975441418285022
0.9975441418285022
0.9975441418285022
0.9975441418285022
0.9975441418285022
0.9975441418285022
0.9975441418285022
0.9975441418285022
0.9975441418285022
0.9975441418285022
0.9975441418285022
0.9975441418285022
0.9975441418285022
0.9975441418285022
0.9975441418285022
0.9975441418285022
0.9975441418285022
0.9975441418285022
0.9975441418285022
0.9975441418285022
0.9975441418285022
0.9975441418285022
0.9975441418285022
0.9975441418285022
0.9975441418285022
0.9975441418285022
0.9975441418285022
0.9975441418285022
0.9975441418285022
0.9975441418285022
0.9975441418285022
0.9975441418285022
0.9975441418285022
0.9975441418285022
0.9975441418285022
0.9975441418285022
0.9975441418285022
0.9975441418285022
0.9975441418285022
0.9975441418285022
0.9975441418285022
0.9975441418285022
0.9975441418285022
0.9975441418285022
0.9975441418285022
0.9975441418285022
0.9975441418285022
0.9975441418285022
0.9975441418285022
0.9975441418285022
0.9975441418285022
0.9975441418285022
0.9975441418285022
0.9975441418285022
0.9975441418285022
0.9975441418285022
0.9975441418285022
0.9975441418285022
0.9975441418285022
0.9975441418285022
0.9975441418285022
0.9975441418285022
0.9975441418285022
0.9975441418285022
0.9975441418285022
0.9975441418285022
0.9975441418285022
0.9975441418285022
0.9975441418285022
0.9975441418285022
0.9975441418285022
0.9975441418285022
0.9975441418285022
0.9975441418285022
0.9975441418285022
0.9975441418285022
0.9975441418285022
0.9975441418285022
0.9975441418285022
0.9975441418285022
0.9975441418285022
0.9975441418285022
0.9975441418285022
0.9975441418285022
0.9975441418285022
0.9975441418285022
0.9975441418285022
0.9975441418285022
0.9975441418285022
0.9975441418285022
0.9975441418285022
0.9975441418285022
0.9975441418285022
0.9975441418285022
0.9975441418285022
0.9975441418285022
0.9975441418285022
0.9975441418285022
0.9975441418285022
0.9975441418285022
0.9975441418285022
0.9975441418285022
0.9975441418285022
0.9975441418285022
0.9975441418285022
0.9975441418285022
0.9975441418285022
0.9975441418285022
0.9975441418285022
0.9975441418285022
0.9975441418285022
0.9975441418285022
0.9975441418285022
0.9975441418285022
0.9975441418285022
0.9975441418285022
0.9975441418285022
0.9975441418285022
0.9975441418285022
0.9975441418285022
0.9975441418285022
0.9975441418285022
0.9975441418285022
0.9975441418285022
0.9975441418285022
0.9975441418285022
0.9975441418285022
0.9975441418285022
0.9975441418285022
0.9975441418285022
0.9975441418285022
0.9975441418285022
0.9975441418285022
0.9975441418285022
0.9975441418285022
0.9975441418285022
0.9975441418285022
0.9975441418285022
0.9975441418285022
0.9975441418285022
0.9975441418285022
0.9975441418285022
0.9975441418285022
0.9975441418285022
0.9975441418285022
0.9975441418285022
0.9975441418285022
0.9975441418285022
0.9975441418285022
0.9975441418285022
0.9975441418285022
0.9975441418285022
0.9975441418285022
0.9975441418285022
0.9975441418285022
0.9975441418285022
0.9975441418285022
0.9975441418285022
0.9975441418285022
0.9975441418285022
0.9975441418285022
0.9975441418285022
0.9975441418285022
0.9975441418285022
0.9975441418285022
Best gene:    1.5490297195982237, 0.2509832980592961
Best fitness: 0.9975441418285022
1.0
