inRep: 0
0.5000002670237331
0.5000002670237331
0.5001121535747587
0.5001121535747587
0.5161505827761411
0.6618274339218634
0.8287548608677714
0.928021282285588
0.9671506796359047
0.9928758386975758
0.9973028642849455
0.9975286903093163
0.9975286903093163
0.9975357889183911
0.9975439270689714
0.9975441412474388
0.9975441416963626
0.9975441417759311
0.9975441418284714
0.9975441418284714
0.9975441418284714
0.9975441418284714
0.9975441418284714
0.9975441418284714
0.9975441418284714
0.9975441418284714
0.9975441418284714
0.9975441418284714
0.9975441418284714
0.9975441418284714
0.9975441418284714
0.9975441418284714
0.9975441418284714
0.9975441418284714
0.9975441418284714
0.9975441418284714
0.9975441418284714
0.9975441418284714
0.9975441418284714
0.9975441418284714
0.9975441418284714
0.9975441418284714
0.9975441418284714
0.9975441418284714
0.9975441418284714
0.9975441418284714
0.9975441418284714
0.9975441418284714
0.9975441418284714
0.9975441418284714
0.9975441418284714
0.9975441418284714
0.9975441418284714
0.9975441418284714
0.9975441418284714
0.9975441418284714
0.9975441418284714
0.9975441418284714
0.9975441418284714
0.9975441418284714
0.9975441418284714
0.9975441418284714
0.9975441418284714
0.9975441418284714
0.9975441418284714
0.9975441418284714
0.9975441418284714
0.9975441418284714
0.9975441418284714
0.9975441418284714
0.9975441418284714
0.9975441418284714
0.9975441418284714
0.9975441418284714
0.9975441418284714
0.9975441418284714
0.9975441418284714
0.9975441418284714
0.9975441418284714
0.9975441418284714
0.9975441418284714
0.9975441418284714
0.9975441418284714
0.9975441418284714
0.9975441418284714
0.9975441418284714
0.9975441418284714
0.9975441418284714
0.9975441418284714
0.9975441418284714
0.9975441418284714
0.9975441418284714
0.9975441418284714
0.9975441418284714
0.9975441418284714
0.9975441418284714
0.9975441418284714
0.9975441418284714
0.9975441418284714
0.9975441418284714
0.9975441418284714
0.9975441418284714
0.9975441418284714
0.9975441418284714
0.9975441418284714
0.9975441418284714
0.9975441418284714
0.9975441418284714
0.9975441418284714
0.9975441418284714
0.9975441418284714
0.9975441418284714
0.9975441418284714
0.9975441418284714
0.9975441418284714
0.9975441418284714
0.9975441418284714
0.9975441418284714
0.9975441418284714
0.9975441418284714
0.9975441418284714
0.9975441418284714
0.9975441418284714
0.9975441418284714
0.9975441418284714
0.9975441418284714
0.9975441418284714
0.9975441418284714
0.9975441418284714
0.9975441418284714
0.9975441418284714
0.9975441418284714
0.9975441418285022
0.9975441418285022
0.9975441418285022
0.9975441418285022
0.9975441418285022
0.9975441418285022
0.9975441418285022
0.9975441418285022
0.9975441418285022
0.9975441418285022
0.9975441418285022
0.9975441418285022
0.9975441418285022
0.9975441418285022
0.9975441418285022
0.9975441418285022
0.9975441418285022
0.9975441418285022
0.9975441418285022
0.9975441418285022
0.9975441418285022
0.9975441418285022
0.9975441418285022
0.9975441418285022
0.9975441418285022
0.9975441418285022
0.9975441418285022
0.9975441418285022
0.9975441418285022
0.9975441418285022
0.9975441418285022
0.9975441418285022
0.9975441418285022
0.9975441418285022
0.9975441418285022
0.9975441418285022
0.9975441418285022
0.9975441418285022
0.9975441418285022
0.9975441418285022
0.9975441418285022
0.9975441418285022
0.9975441418285022
0.9975441418285022
0.9975441418285022
0.9975441418285022
0.9975441418285022
0.9975441418285022
0.9975441418285022
0.9975441418285022
0.9975441418285022
0.9975441418285022
0.9975441418285022
0.9975441418285022
0.9975441418285022
0.9975441418285022
0.9975441418285022
0.9975441418285022
0.9975441418285022
0.9975441418285022
0.9975441418285022
0.9975441418285022
0.9975441418285022
0.9975441418285022
0.9975441418285022
0.9975441418285022
0.9975441418285022
0.9975441418285022
0.9975441418285022
0.9975441418285022
0.9975441418285022
0.9975441418285022
0.9975441418285022
0.9975441418285022
0.9975441418285022
0.9975441418285022
0.9975441418285022
0.9975441418285022
0.9975441418285022
0.9975441418285022
0.9975441418285022
0.9975441418285022
0.9975441418285022
0.9975441418285022
0.9975441418285022
0.9975441418285022
0.9975441418285022
0.9975441418285022
0.9975441418285022
0.9975441418285022
0.9975441418285022
0.9975441418285022
0.9975441418285022
0.9975441418285022
0.9975441418285022
0.9975441418285022
0.9975441418285022
0.9975441418285022
0.9975441418285022
0.9975441418285022
0.9975441418285022
0.9975441418285022
0.9975441418285022
0.9975441418285022
0.9975441418285022
0.9975441418285022
0.9975441418285022
0.9975441418285022
0.9975441418285022
0.9975441418285022
0.9975441418285022
0.9975441418285022
0.9975441418285022
0.9975441418285022
0.9975441418285022
0.9975441418285022
0.9975441418285022
0.9975441418285022
0.9975441418285022
0.9975441418285022
0.9975441418285022
0.9975441418285022
0.9975441418285022
0.9975441418285022
0.9975441418285022
0.9975441418285022
0.9975441418285022
0.9975441418285022
0.9975441418285022
0.9975441418285022
0.9975441418285022
0.9975441418285022
0.9975441418285022
0.9975441418285022
0.9975441418285022
0.9975441418285022
0.9975441418285022
0.9975441418285022
0.9975441418285022
0.9975441418285022
0.9975441418285022
0.9975441418285022
0.9975441418285022
0.9975441418285022
0.9975441418285022
0.9975441418285022
0.9975441418285022
0.9975441418285022
0.9975441418285022
0.9975441418285022
0.9975441418285022
0.9975441418285022
0.9975441418285022
0.9975441418285022
0.9975441418285022
0.9975441418285022
0.9975441418285022
0.9975441418285022
0.9975441418285022
0.9975441418285022
0.9975441418285022
0.9975441418285022
0.9975441418285022
0.9975441418285022
0.9975441418285022
0.9975441418285022
0.9975441418285022
0.9975441418285022
0.9975441418285022
0.9975441418285022
0.9975441418285022
0.9975441418285022
0.9975441418285022
0.9975441418285022
0.9975441418285022
0.9975441418285022
0.9975441418285022
0.9975441418285022
0.9975441418285022
0.9975441418285022
0.9975441418285022
0.9975441418285022
0.9975441418285022
0.9975441418285022
0.9975441418285022
0.9975441418285022
0.9975441418285022
0.9975441418285022
0.9975441418285022
0.9975441418285022
0.9975441418285022
0.9975441418285022
0.9975441418285022
0.9975441418285022
0.9975441418285022
0.9975441418285022
0.9975441418285022
0.9975441418285022
0.9975441418285022
0.9975441418285022
0.9975441418285022
0.9975441418285022
0.9975441418285022
0.9975441418285022
0.9975441418285022
0.9975441418285022
0.9975441418285022
0.9975441418285022
0.9975441418285022
0.9975441418285022
0.9975441418285022
0.9975441418285022
0.9975441418285022
0.9975441418285022
0.9975441418285022
0.9975441418285022
0.9975441418285022
0.9975441418285022
0.9975441418285022
0.9975441418285022
0.9975441418285022
0.9975441418285022
0.9975441418285022
0.9975441418285022
0.9975441418285022
0.9975441418285022
0.9975441418285022
0.9975441418285022
0.9975441418285022
0.9975441418285022
0.9975441418285022
0.9975441418285022
0.9975441418285022
0.9975441418285022
0.9975441418285022
0.9975441418285022
0.9975441418285022
0.9975441418285022
0.9975441418285022
0.9975441418285022
0.9975441418285022
0.9975441418285022
0.9975441418285022
0.9975441418285022
0.9975441418285022
0.9975441418285022
0.9975441418285022
0.9975441418285022
0.9975441418285022
0.9975441418285022
0.9975441418285022
0.9975441418285022
0.9975441418285022
0.9975441418285022
0.9975441418285022
0.9975441418285022
0.9975441418285022
0.9975441418285022
0.9975441418285022
0.9975441418285022
0.9975441418285022
0.9975441418285022
0.9975441418285022
0.9975441418285022
0.9975441418285022
0.9975441418285022
0.9975441418285022
0.9975441418285022
0.9975441418285022
0.9975441418285022
0.9975441418285022
0.9975441418285022
0.9975441418285022
0.9975441418285022
0.9975441418285022
0.9975441418285022
0.9975441418285022
0.9975441418285022
0.9975441418285022
0.9975441418285022
0.9975441418285022
0.9975441418285022
0.9975441418285022
0.9975441418285022
0.9975441418285022
0.9975441418285022
0.9975441418285022
0.9975441418285022
0.9975441418285022
0.9975441418285022
0.9975441418285022
0.9975441418285022
0.9975441418285022
0.9975441418285022
0.9975441418285022
0.9975441418285022
0.9975441418285022
0.9975441418285022
0.9975441418285022
0.9975441418285022
0.9975441418285022
0.9975441418285022
Best gene:    0.4122019796853067, 1.5141252312958784
Best fitness: 0.9975441418285022
1.0
