inRep: 0
0.500000010681441
0.5000002019779081
0.5000010283076236
0.5000228962526752
0.5011059801851184
0.5050905430682885
0.5109888582018126
0.5118554545109816
0.5438631227436604
0.6650086268244986
0.7709388047523902
0.8472370920230975
0.8703948741514462
0.8703948741514462
0.943606275958186
0.9782162152307528
0.978241034357495
0.9785028124013373
0.9785211786339475
0.9785317027730491
0.9785317027730491
0.9785318910257346
0.9785318910257346
0.9785318950154682
0.97853190687652
0.9785319221047533
0.9785319221047533
0.9785320888249007
0.9785320969760561
0.9785320999320537
0.9785321007333121
0.9785321007908265
0.9785321009269878
0.9785321009269878
0.9785321009269878
0.9785321009269878
0.9785321009269878
0.9785321009269878
0.9785321009269878
0.9785321009269878
0.9785321009269878
0.9785321009269878
0.9785321009269878
0.9785321009269878
0.9785321009269878
0.9785321009269878
0.9785321009269878
0.9785321009269878
0.9785321009269878
0.9785321009269878
0.9785321009269878
0.9785321009269878
0.9785321009269878
0.9785321009269878
0.9785321009269878
0.9785321009269878
0.9785321009269878
0.9785321009269878
0.9785321009269878
0.9785321009269878
0.9785321009269878
0.9785321009269878
0.9785321009269878
0.9785321009269878
0.9785321009269878
0.9785321009269878
0.9785321009269878
0.9785321009269878
0.9785321009269878
0.9785321009269878
0.9785321009269878
0.9785321009269878
0.9785321009269878
0.9785321009269878
0.9785321009269878
0.9785321009269878
0.9785321009269878
0.9785321009269878
0.9785321009269878
0.9785321009269878
0.9785321009269878
0.9785321009269878
0.991642642805405
0.991642642805405
0.991642642805405
0.991642642805405
0.9973265582687574
0.9973265582687574
0.99753749552894
0.9975430259317363
0.9975437561264087
0.9975438129455869
0.9975441281782794
0.9975441282730741
0.9975441282730741
0.9975441413594786
0.9975441413769147
0.9975441417757174
0.9975441417757174
0.9975441417964848
0.9975441417964848
0.9975441418174398
0.9975441418174398
0.9975441418174398
0.9975441418174398
0.9975441418276731
0.9975441418285012
0.9975441418285012
0.9975441418285012
0.9975441418285012
0.9975441418285012
0.9975441418285012
0.9975441418285012
0.9975441418285012
0.9975441418285012
0.9975441418285012
0.9975441418285012
0.9975441418285012
0.9975441418285012
0.9975441418285012
0.9975441418285012
0.9975441418285012
0.9975441418285012
0.9975441418285012
0.9975441418285012
0.9975441418285012
0.9975441418285012
0.9975441418285012
0.9975441418285012
0.9975441418285012
0.9975441418285012
0.9975441418285012
0.9975441418285012
0.9975441418285012
0.9975441418285012
0.9975441418285012
0.9975441418285012
0.9975441418285012
0.9975441418285012
0.9975441418285012
0.9975441418285012
0.9975441418285012
0.9975441418285012
0.9975441418285012
0.9975441418285012
0.9975441418285012
0.9975441418285012
0.9975441418285012
0.9975441418285012
0.9975441418285012
0.9975441418285012
0.9975441418285012
0.9975441418285012
0.9975441418285012
0.9975441418285012
0.9975441418285012
0.9975441418285012
0.9975441418285012
0.9975441418285012
0.9975441418285012
0.9975441418285012
0.9975441418285012
0.9975441418285012
0.9975441418285012
0.9975441418285012
0.9975441418285012
0.9975441418285012
0.9975441418285012
0.9975441418285012
0.9975441418285012
0.9975441418285012
0.9975441418285012
0.9975441418285012
0.9975441418285012
0.9975441418285012
0.9975441418285012
0.9975441418285012
0.9975441418285012
0.9975441418285012
0.9975441418285012
0.9975441418285012
0.9975441418285012
0.9975441418285012
0.9975441418285012
0.9975441418285012
0.9975441418285012
0.9975441418285012
0.9975441418285012
0.9975441418285012
0.9975441418285012
0.9975441418285012
0.9975441418285012
0.9975441418285012
0.9975441418285012
0.9975441418285012
0.9975441418285012
0.9975441418285012
0.9975441418285012
0.9975441418285012
0.9975441418285012
0.9975441418285012
0.9975441418285012
0.9975441418285012
0.9975441418285012
0.9975441418285012
0.9975441418285012
0.9975441418285012
0.9975441418285012
0.9975441418285012
0.9975441418285012
0.9975441418285012
0.9975441418285012
0.9975441418285012
0.9975441418285012
0.9975441418285012
0.9975441418285012
0.9975441418285012
0.9975441418285012
0.9975441418285012
0.9975441418285012
0.9975441418285012
0.9975441418285012
0.9975441418285012
0.9975441418285012
0.9975441418285012
0.9975441418285012
0.9975441418285012
0.9975441418285012
0.9975441418285012
0.9975441418285012
0.9975441418285012
0.9975441418285012
0.9975441418285012
0.9975441418285012
0.9975441418285012
0.9975441418285012
0.9975441418285012
0.9975441418285012
0.9975441418285012
0.9975441418285012
0.9975441418285012
0.9975441418285012
0.9975441418285012
0.9975441418285012
0.9975441418285012
0.9975441418285012
0.9975441418285012
0.9975441418285012
0.9975441418285012
0.9975441418285012
0.9975441418285012
0.9975441418285012
0.9975441418285012
0.9975441418285012
0.9975441418285012
0.9975441418285012
0.9975441418285012
0.9975441418285012
0.9975441418285012
0.9975441418285012
0.9975441418285012
0.9975441418285012
0.9975441418285012
0.9975441418285012
0.9975441418285012
0.9975441418285012
0.9975441418285012
0.9975441418285012
0.9975441418285012
0.9975441418285012
0.9975441418285012
0.9975441418285012
0.9975441418285012
0.9975441418285012
0.9975441418285012
0.9975441418285012
0.9975441418285012
0.9975441418285012
0.9975441418285012
0.9975441418285012
0.9975441418285012
0.9975441418285012
0.9975441418285012
0.9975441418285012
0.9975441418285012
0.9975441418285012
0.9975441418285012
0.9975441418285012
0.9975441418285012
0.9975441418285012
0.9975441418285012
0.9975441418285012
0.9975441418285012
0.9975441418285012
0.9975441418285012
0.9975441418285012
0.9975441418285012
0.9975441418285012
0.9975441418285012
0.9975441418285012
0.9975441418285012
0.9975441418285012
0.9975441418285012
0.9975441418285012
0.9975441418285012
0.9975441418285012
0.9975441418285012
0.9975441418285012
0.9975441418285012
0.9975441418285012
0.9975441418285012
0.9975441418285012
0.9975441418285012
0.9975441418285012
0.9975441418285012
0.9975441418285012
0.9975441418285012
0.9975441418285012
0.9975441418285012
0.9975441418285012
0.9975441418285012
0.9975441418285012
0.9975441418285012
0.9975441418285012
0.9975441418285012
0.9975441418285012
0.9975441418285012
0.9975441418285012
0.9975441418285012
0.9975441418285012
0.9975441418285012
0.9975441418285012
0.9975441418285012
0.9975441418285012
0.9975441418285012
0.9975441418285012
0.9975441418285012
0.9975441418285012
0.9975441418285012
0.9975441418285012
0.9975441418285012
0.9975441418285012
0.9975441418285012
0.9975441418285012
0.9975441418285012
0.9975441418285012
0.9975441418285012
0.9975441418285012
0.9975441418285012
0.9975441418285012
0.9975441418285012
0.9975441418285012
0.9975441418285012
0.9975441418285012
0.9975441418285012
0.9975441418285012
0.9975441418285012
0.9975441418285012
0.9975441418285012
0.9975441418285012
0.9975441418285012
0.9975441418285012
0.9975441418285012
0.9975441418285012
0.9975441418285012
0.9975441418285012
0.9975441418285012
0.9975441418285012
0.9975441418285012
0.9975441418285012
0.9975441418285012
0.9975441418285012
0.9975441418285012
0.9975441418285012
0.9975441418285012
0.9975441418285012
0.9975441418285012
0.9975441418285012
0.9975441418285012
0.9975441418285012
0.9975441418285012
0.9975441418285012
0.9975441418285012
0.9975441418285012
0.9975441418285012
0.9975441418285012
0.9975441418285012
0.9975441418285012
0.9975441418285012
0.9975441418285012
0.9975441418285012
0.9975441418285012
0.9975441418285012
0.9975441418285012
0.9975441418285012
0.9975441418285012
0.9975441418285012
0.9975441418285012
0.9975441418285012
0.9975441418285012
0.9975441418285012
0.9975441418285012
0.9975441418285012
0.9975441418285012
0.9975441418285012
0.9975441418285012
0.9975441418285012
0.9975441418285012
Best gene:    -1.56915225247198, -0.01571178810877427
Best fitness: 0.9975441418285012
1.0
