inRep: 0
0.5000000098835656
0.5000007010722693
0.5000240020467592
0.5168309681236161
0.6330904844410615
0.8463889010160754
0.9122740111353369
0.9682061547225929
0.9956558866787621
0.9965028891319843
0.9968506099250035
0.997300175878858
0.9973132850885233
0.9975436994784675
0.9975436994784675
0.9975439099726331
0.9975439099726331
0.9975439099726331
0.9975439099726331
0.9975439899431147
0.9975439899431147
0.9975440266536101
0.9975440266536101
0.9975440266536101
0.9975440266536101
0.9975440266536101
0.9975440266536101
0.9975440266536101
0.9975440266536101
0.9975440266536101
0.9975440266536101
0.9975440266536101
0.9975440266536101
0.9975440266536101
0.9975440266536101
0.9975440266536101
0.9975440266536101
0.9975440266536101
0.9975440266536101
0.9975440266536101
0.9975440266536101
0.9975440266536101
0.9975440266536101
0.9975441410383519
0.9975441410383519
0.9975441410383519
0.9975441410383519
0.9975441418090378
0.9975441418090378
0.9975441418090378
0.9975441418090378
0.9975441418090378
0.9975441418090378
0.9975441418090378
0.9975441418090378
0.9975441418090378
0.9975441418090378
0.9975441418090378
0.9975441418090378
0.9975441418090378
0.9975441418090378
0.9975441418090378
0.9975441418090378
0.9975441418090378
0.9975441418090378
0.9975441418090378
0.9975441418090378
0.9975441418090378
0.9975441418090378
0.9975441418090378
0.9975441418090378
0.9975441418090378
0.9975441418090378
0.9975441418090378
0.9975441418090378
0.9975441418090378
0.9975441418090378
0.9975441418090378
0.9975441418090378
0.9975441418090378
0.9975441418090378
0.9975441418090378
0.9975441418090378
0.9975441418090378
0.9975441418090378
0.9975441418090378
0.9975441418090378
0.9975441418090378
0.9975441418090378
0.9975441418090378
0.9975441418090378
0.9975441418090378
0.9975441418090378
0.9975441418090378
0.9975441418090378
0.9975441418090378
0.9975441418090378
0.9975441418090378
0.9975441418090378
0.9975441418090378
0.9975441418090378
0.9975441418090378
0.9975441418090378
0.9975441418090378
0.9975441418090378
0.9975441418090378
0.9975441418090378
0.9975441418090378
0.9975441418090378
0.9975441418090378
0.9975441418090378
0.9975441418090378
0.9975441418090378
0.9975441418090378
0.9975441418090378
0.9975441418090378
0.9975441418090378
0.9975441418090378
0.9975441418090378
0.9975441418090378
0.9975441418090378
0.9975441418090378
0.9975441418090378
0.9975441418090378
0.9975441418090378
0.9975441418090378
0.9975441418090378
0.9975441418090378
0.9975441418090378
0.9975441418090378
0.9975441418090378
0.9975441418090378
0.9975441418090378
0.9975441418090378
0.9975441418090378
0.9975441418090378
0.9975441418090378
0.9975441418090378
0.9975441418090378
0.9975441418090378
0.9975441418090378
0.9975441418090378
0.9975441418090378
0.9975441418090378
0.9975441418090378
0.9975441418090378
0.9975441418090378
0.9975441418090378
0.9975441418090378
0.9975441418090378
0.9975441418090378
0.9975441418090378
0.9975441418090378
0.9975441418090378
0.9975441418090378
0.9975441418090378
0.9975441418090378
0.9975441418090378
0.9975441418090378
0.9975441418090378
0.9975441418090378
0.9975441418090378
0.9975441418090378
0.9975441418090378
0.9975441418090378
0.9975441418090378
0.9975441418090378
0.9975441418090378
0.9975441418090378
0.9975441418090378
0.9975441418090378
0.9975441418090378
0.9975441418090378
0.9975441418090378
0.9975441418090378
0.9975441418090378
0.9975441418090378
0.9975441418090378
0.9975441418090378
0.9975441418090378
0.9975441418090378
0.9975441418090378
0.9975441418090378
0.9975441418090378
0.9975441418090378
0.9975441418090378
0.9975441418090378
0.9975441418090378
0.9975441418090378
0.9975441418090378
0.9975441418090378
0.9975441418090378
0.9975441418090378
0.9975441418090378
0.9975441418090378
0.9975441418090378
0.9975441418090378
0.9975441418090378
0.9975441418090378
0.9975441418090378
0.9975441418090378
0.9975441418090378
0.9975441418090378
0.9975441418090378
0.9975441418090378
0.9975441418090378
0.9975441418090378
0.9975441418090378
0.9975441418090378
0.9975441418090378
0.9975441418090378
0.9975441418090378
0.9975441418090378
0.9975441418090378
0.9975441418090378
0.9975441418090378
0.9975441418090378
0.9975441418090378
0.9975441418090378
0.9975441418090378
0.9975441418090378
0.9975441418090378
0.9975441418090378
0.9975441418090378
0.9975441418090378
0.9975441418090378
0.9975441418090378
0.9975441418090378
0.9975441418090378
0.9975441418090378
0.9975441418090378
0.9975441418090378
0.9975441418090378
0.9975441418090378
0.9975441418090378
0.9975441418090378
0.9975441418090378
0.9975441418090378
0.9975441418090378
0.9975441418090378
0.9975441418090378
0.9975441418090378
0.9975441418090378
0.9975441418090378
0.9975441418090378
0.9975441418090378
0.9975441418090378
0.9975441418090378
0.9975441418090378
0.9975441418090378
0.9975441418090378
0.9975441418090378
0.9975441418090378
0.9975441418090378
0.9975441418090378
0.9975441418090378
0.9975441418090378
0.9975441418090378
0.9975441418090378
0.9975441418090378
0.9975441418090378
0.9975441418090378
0.9975441418090378
0.9975441418090378
0.9975441418090378
0.9975441418090378
0.9975441418090378
0.9975441418090378
0.9975441418090378
0.9975441418090378
0.9975441418090378
0.9975441418090378
0.9975441418090378
0.9975441418090378
0.9975441418090378
0.9975441418090378
0.9975441418090378
0.9975441418090378
0.9975441418090378
0.9975441418090378
0.9975441418090378
0.9975441418090378
0.9975441418090378
0.9975441418090378
0.9975441418090378
0.9975441418090378
0.9975441418090378
0.9975441418090378
0.9975441418090378
0.9975441418090378
0.9975441418090378
0.9975441418090378
0.9975441418090378
0.9975441418090378
0.9975441418090378
0.9975441418090378
0.9975441418090378
0.9975441418090378
0.9975441418090378
0.9975441418090378
0.9975441418090378
0.9975441418090378
0.9975441418090378
0.9975441418090378
0.9975441418090378
0.9975441418090378
0.9975441418090378
0.9975441418090378
0.9975441418090378
0.9975441418090378
0.9975441418090378
0.9975441418090378
0.9975441418090378
0.9975441418090378
0.9975441418090378
0.9975441418090378
0.9975441418119425
0.9975441418119425
0.9975441418133584
0.9975441418284907
0.9975441418284907
0.9975441418285025
0.9975441418285025
0.9975441418285025
0.9975441418285025
0.9975441418285025
0.9975441418285025
0.9975441418285025
0.9975441418285025
0.9975441418285025
0.9975441418285025
0.9975441418285025
0.9975441418285025
0.9975441418285025
0.9975441418285025
0.9975441418285025
0.9975441418285025
0.9975441418285025
0.9975441418285025
0.9975441418285025
0.9975441418285025
0.9975441418285025
0.9975441418285025
0.9975441418285025
0.9975441418285025
0.9975441418285025
0.9975441418285025
0.9975441418285025
0.9975441418285025
0.9975441418285025
0.9975441418285025
0.9975441418285025
0.9975441418285025
0.9975441418285025
0.9975441418285025
0.9975441418285025
0.9975441418285025
0.9975441418285025
0.9975441418285025
0.9975441418285025
0.9975441418285025
0.9975441418285025
0.9975441418285025
0.9975441418285025
0.9975441418285025
0.9975441418285025
0.9975441418285025
0.9975441418285025
0.9975441418285025
0.9975441418285025
0.9975441418285025
0.9975441418285025
0.9975441418285025
0.9975441418285025
0.9975441418285025
0.9975441418285025
0.9975441418285025
0.9975441418285025
0.9975441418285025
0.9975441418285025
0.9975441418285025
0.9975441418285025
0.9975441418285025
0.9975441418285025
0.9975441418285025
0.9975441418285025
0.9975441418285025
0.9975441418285025
0.9975441418285025
0.9975441418285025
0.9975441418285025
0.9975441418285025
0.9975441418285025
0.9975441418285025
0.9975441418285025
0.9975441418285025
0.9975441418285025
0.9975441418285025
0.9975441418285025
0.9975441418285025
0.9975441418285025
0.9975441418285025
0.9975441418285025
0.9975441418285025
0.9975441418285025
0.9975441418285025
0.9975441418285025
0.9975441418285025
0.9975441418285025
0.9975441418285025
0.9975441418285025
0.9975441418285025
0.9975441418285025
0.9975441418285025
0.9975441418285025
0.9975441418285025
0.9975441418285025
0.9975441418285025
0.9975441418285025
0.9975441418285025
0.9975441418285025
0.9975441418285025
0.9975441418285025
0.9975441418285025
0.9975441418285025
0.9975441418285025
0.9975441418285025
0.9975441418285025
0.9975441418285025
0.9975441418285025
0.9975441418285025
0.9975441418285025
0.9975441418285025
0.9975441418285025
0.9975441418285025
0.9975441418285025
0.9975441418285025
0.9975441418285025
0.9975441418285025
0.9975441418285025
0.9975441418285025
0.9975441418285025
0.9975441418285025
0.9975441418285025
0.9975441418285025
0.9975441418285025
0.9975441418285025
0.9975441418285025
0.9975441418285025
0.9975441418285025
0.9975441418285025
0.9975441418285025
0.9975441418285025
0.9975441418285025
0.9975441418285025
0.9975441418285025
0.9975441418285025
0.9975441418285025
0.9975441418285025
0.9975441418285025
0.9975441418285025
0.9975441418285025
0.9975441418285025
0.9975441418285025
0.9975441418285025
0.9975441418285025
0.9975441418285025
0.9975441418285025
0.9975441418285025
0.9975441418285025
0.9975441418285025
0.9975441418285025
0.9975441418285025
0.9975441418285025
0.9975441418285025
0.9975441418285025
0.9975441418285025
0.9975441418285025
0.9975441418285025
0.9975441418285025
0.9975441418285025
0.9975441418285025
0.9975441418285025
0.9975441418285025
0.9975441418285025
0.9975441418285025
0.9975441418285025
0.9975441418285025
0.9975441418285025
0.9975441418285025
0.9975441418285025
0.9975441418285025
0.9975441418285025
0.9975441418285025
0.9975441418285025
0.9975441418285025
0.9975441418285025
0.9975441418285025
0.9975441418285025
0.9975441418285025
0.9975441418285025
0.9975441418285025
0.9975441418285025
0.9975441418285025
0.9975441418285025
0.9975441418285025
0.9975441418285025
0.9975441418285025
0.9975441418285025
0.9975441418285025
0.9975441418285025
0.9975441418285025
0.9975441418285025
0.9975441418285025
0.9975441418285025
0.9975441418285025
0.9975441418285025
0.9975441418285025
0.9975441418285025
0.9975441418285025
0.9975441418285025
0.9975441418285025
0.9975441418285025
0.9975441418285025
0.9975441418285025
0.9975441418285025
0.9975441418285025
0.9975441418285025
0.9975441418285025
0.9975441418285025
0.9975441418285025
0.9975441418285025
0.9975441418285025
0.9975441418285025
0.9975441418285025
0.9975441418285025
0.9975441418285025
0.9975441418285025
0.9975441418285025
0.9975441418285025
0.9975441418285025
0.9975441418285025
0.9975441418285025
0.9975441418285025
0.9975441418285025
0.9975441418285025
0.9975441418285025
0.9975441418285025
0.9975441418285025
0.9975441418285025
0.9975441418285025
0.9975441418285025
0.9975441418285025
0.9975441418285025
0.9975441418285025
0.9975441418285025
0.9975441418285025
0.9975441418285025
0.9975441418285025
0.9975441418285025
0.9975441418285025
0.9975441418285025
0.9975441418285025
0.9975441418285025
0.9975441418285025
0.9975441418285025
0.9975441418285025
0.9975441418285025
0.9975441418285025
0.9975441418285025
0.9975441418285025
0.9975441418285025
0.9975441418285025
0.9975441418285025
0.9975441418285025
0.9975441418285025
0.9975441418285025
0.9975441418285025
0.9975441418285025
0.9975441418285025
0.9975441418285025
0.9975441418285025
0.9975441418285025
0.9975441418285025
0.9975441418285025
0.9975441418285025
0.9975441418285025
0.9975441418285025
0.9975441418285025
0.9975441418285025
0.9975441418285025
0.9975441418285025
0.9975441418285025
0.9975441418285025
0.9975441418285025
0.9975441418285025
0.9975441418285025
0.9975441418285025
0.9975441418285025
0.9975441418285025
0.9975441418285025
0.9975441418285025
0.9975441418285025
0.9975441418285025
0.9975441418285025
0.9975441418285025
0.9975441418285025
0.9975441418285025
0.9975441418285025
0.9975441418285025
0.9975441418285025
0.9975441418285025
0.9975441418285025
0.9975441418285025
0.9975441418285025
0.9975441418285025
0.9975441418285025
0.9975441418285025
0.9975441418285025
0.9975441418285025
0.9975441418285025
0.9975441418285025
0.9975441418285025
0.9975441418285025
0.9975441418285025
0.9975441418285025
0.9975441418285025
0.9975441418285025
0.9975441418285025
0.9975441418285025
0.9975441418285025
0.9975441418285025
0.9975441418285025
0.9975441418285025
0.9975441418285025
0.9975441418285025
0.9975441418285025
0.9975441418285025
0.9975441418285025
0.9975441418285025
0.9975441418285025
0.9975441418285025
0.9975441418285025
0.9975441418285025
0.9975441418285025
0.9975441418285025
0.9975441418285025
0.9975441418285025
0.9975441418285025
0.9975441418285025
0.9975441418285025
0.9975441418285025
0.9975441418285025
0.9975441418285025
0.9975441418285025
0.9975441418285025
0.9975441418285025
0.9975441418285025
0.9975441418285025
0.9975441418285025
0.9975441418285025
0.9975441418285025
0.9975441418285025
0.9975441418285025
0.9975441418285025
0.9975441418285025
0.9975441418285025
0.9975441418285025
0.9975441418285025
0.9975441418285025
0.9975441418285025
0.9975441418285025
0.9975441418285025
0.9975441418285025
0.9975441418285025
0.9975441418285025
0.9975441418285025
0.9975441418285025
0.9975441418285025
0.9975441418285025
0.9975441418285025
0.9975441418285025
0.9975441418285025
0.9975441418285025
0.9975441418285025
0.9975441418285025
0.9975441418285025
0.9975441418285025
0.9975441418285025
0.9975441418285025
0.9975441418285025
0.9975441418285025
0.9975441418285025
0.9975441418285025
0.9975441418285025
0.9975441418285025
0.9975441418285025
0.9975441418285025
0.9975441418285025
0.9975441418285025
0.9975441418285025
0.9975441418285025
0.9975441418285025
0.9975441418285025
0.9975441418285025
0.9975441418285025
0.9975441418285025
0.9975441418285025
0.9975441418285025
0.9975441418285025
0.9975441418285025
0.9975441418285025
0.9975441418285025
0.9975441418285025
0.9975441418285025
0.9975441418285025
0.9975441418285025
0.9975441418285025
0.9975441418285025
0.9975441418285025
0.9975441418285025
0.9975441418285025
0.9975441418285025
0.9975441418285025
0.9975441418285025
0.9975441418285025
0.9975441418285025
0.9975441418285025
0.9975441418285025
0.9975441418285025
0.9975441418285025
0.9975441418285025
0.9975441418285025
0.9975441418285025
0.9975441418285025
0.9975441418285025
0.9975441418285025
0.9975441418285025
0.9975441418285025
0.9975441418285025
0.9975441418285025
0.9975441418285025
0.9975441418285025
0.9975441418285025
0.9975441418285025
0.9975441418285025
0.9975441418285025
0.9975441418285025
0.9975441418285025
0.9975441418285025
0.9975441418285025
0.9975441418285025
0.9975441418285025
0.9975441418285025
0.9975441418285025
0.9975441418285025
0.9975441418285025
0.9975441418285025
0.9975441418285025
0.9975441418285025
0.9975441418285025
0.9975441418285025
0.9975441418285025
0.9975441418285025
0.9975441418285025
0.9975441418285025
0.9975441418285025
0.9975441418285025
0.9975441418285025
0.9975441418285025
0.9975441418285025
0.9975441418285025
0.9975441418285025
0.9975441418285025
0.9975441418285025
0.9975441418285025
0.9975441418285025
0.9975441418285025
0.9975441418285025
0.9975441418285025
0.9975441418285025
0.9975441418285025
0.9975441418285025
0.9975441418285025
0.9975441418285025
0.9975441418285025
0.9975441418285025
0.9975441418285025
0.9975441418285025
0.9975441418285025
0.9975441418285025
0.9975441418285025
0.9975441418285025
0.9975441418285025
0.9975441418285025
0.9975441418285025
0.9975441418285025
0.9975441418285025
0.9975441418285025
0.9975441418285025
0.9975441418285025
0.9975441418285025
0.9975441418285025
0.9975441418285025
0.9975441418285025
0.9975441418285025
0.9975441418285025
0.9975441418285025
0.9975441418285025
0.9975441418285025
0.9975441418285025
0.9975441418285025
0.9975441418285025
0.9975441418285025
0.9975441418285025
0.9975441418285025
0.9975441418285025
0.9975441418285025
0.9975441418285025
0.9975441418285025
0.9975441418285025
0.9975441418285025
0.9975441418285025
Best gene:    0.395369623987591, 1.518607501651644
Best fitness: 0.9975441418285025
1.0
