inRep: 0
0.5000002767403547
0.5000006342032097
0.5008800594761212
0.5018427742331553
0.5208743465037944
0.9395851892862799
0.9756420302207076
0.9971759822566413
0.9972452332528061
0.9975084844319684
0.9975410032776622
0.997544099479822
0.997544099479822
0.9975441360346636
0.9975441365128193
0.9975441365128193
0.9975441414047441
0.9975441414047441
0.9975441414047441
0.9975441414047441
0.9975441418209374
0.9975441418209374
0.9975441418209374
0.9975441418209374
0.9975441418209374
0.9975441418209374
0.9975441418209374
0.9975441418209374
0.9975441418209374
0.9975441418281719
0.9975441418281719
0.9975441418284925
0.9975441418284925
0.9975441418284925
0.9975441418284925
0.9975441418284925
0.9975441418284925
0.9975441418284925
0.9975441418284925
0.9975441418284925
0.9975441418284925
0.9975441418284925
0.9975441418284925
0.9975441418284925
0.9975441418284925
0.9975441418284925
0.9975441418284925
0.9975441418284925
0.9975441418284925
0.9975441418284925
0.9975441418284925
0.9975441418284925
0.9975441418284925
0.9975441418284925
0.9975441418284925
0.9975441418284925
0.9975441418284925
0.9975441418284925
0.9975441418284925
0.9975441418284925
0.9975441418284925
0.9975441418284925
0.9975441418284925
0.9975441418284925
0.9975441418284925
0.9975441418284925
0.9975441418284925
0.9975441418284925
0.9975441418284925
0.9975441418284925
0.9975441418284925
0.9975441418284925
0.9975441418284925
0.9975441418284925
0.9975441418284925
0.9975441418284925
0.9975441418284925
0.9975441418284925
0.9975441418284925
0.9975441418284925
0.9975441418284925
0.9975441418284925
0.9975441418284925
0.9975441418284925
0.9975441418284925
0.9975441418284925
0.9975441418284925
0.9975441418284925
0.9975441418284925
0.9975441418284925
0.9975441418284925
0.9975441418284925
0.9975441418284925
0.9975441418284925
0.9975441418284925
0.9975441418284925
0.9975441418284925
0.9975441418284925
0.9975441418284925
0.9975441418284925
0.9975441418284925
0.9975441418284925
0.9975441418284925
0.9975441418284925
0.9975441418284925
0.9975441418284925
0.9975441418284925
0.9975441418284925
0.9975441418284925
0.9975441418284925
0.9975441418284925
0.9975441418284925
0.9975441418284925
0.9975441418284925
0.9975441418284925
0.9975441418284925
0.9975441418284925
0.9975441418284925
0.9975441418284925
0.9975441418284925
0.9975441418284925
0.9975441418284925
0.9975441418284925
0.9975441418284925
0.9975441418284925
0.9975441418284925
0.9975441418284925
0.9975441418284925
0.9975441418284925
0.9975441418284925
0.9975441418284925
0.9975441418284925
0.9975441418284925
0.9975441418284925
0.9975441418284925
0.9975441418284925
0.9975441418284925
0.9975441418284925
0.9975441418284925
0.9975441418284925
0.9975441418284925
0.9975441418284925
0.9975441418284925
0.9975441418284925
0.9975441418284925
0.9975441418284925
0.9975441418284925
0.9975441418284925
0.9975441418284925
0.9975441418284925
0.9975441418284925
0.9975441418284925
0.9975441418284925
0.9975441418284925
0.9975441418284925
0.9975441418284925
0.9975441418284925
0.9975441418284925
0.9975441418284925
0.9975441418284925
0.9975441418284925
0.9975441418284925
0.9975441418284925
0.9975441418284925
0.9975441418284925
0.9975441418284925
0.9975441418284925
0.9975441418284925
0.9975441418284925
0.9975441418284925
0.9975441418284925
0.9975441418284925
0.9975441418284925
0.9975441418284925
0.9975441418284925
0.9975441418284925
0.9975441418284925
0.9975441418284925
0.9975441418285025
0.9975441418285025
0.9975441418285025
0.9975441418285025
0.9975441418285025
0.9975441418285025
0.9975441418285025
0.9975441418285025
0.9975441418285025
0.9975441418285025
0.9975441418285025
0.9975441418285025
0.9975441418285025
0.9975441418285025
0.9975441418285025
0.9975441418285025
0.9975441418285025
0.9975441418285029
0.9975441418285029
0.9975441418285029
0.9975441418285029
0.9975441418285029
0.9975441418285029
0.9975441418285029
0.9975441418285029
0.9975441418285029
0.9975441418285029
0.9975441418285029
0.9975441418285029
0.9975441418285029
0.9975441418285029
0.9975441418285029
0.9975441418285029
0.9975441418285029
0.9975441418285029
0.9975441418285029
0.9975441418285029
0.9975441418285029
0.9975441418285029
0.9975441418285029
0.9975441418285029
0.9975441418285029
0.9975441418285029
0.9975441418285029
0.9975441418285029
0.9975441418285029
0.9975441418285029
0.9975441418285029
0.9975441418285029
0.9975441418285029
0.9975441418285029
0.9975441418285029
0.9975441418285029
0.9975441418285029
0.9975441418285029
0.9975441418285029
0.9975441418285029
0.9975441418285029
0.9975441418285029
0.9975441418285029
0.9975441418285029
0.9975441418285029
0.9975441418285029
0.9975441418285029
0.9975441418285029
0.9975441418285029
0.9975441418285029
0.9975441418285029
0.9975441418285029
0.9975441418285029
0.9975441418285029
0.9975441418285029
0.9975441418285029
0.9975441418285029
0.9975441418285029
0.9975441418285029
0.9975441418285029
0.9975441418285029
0.9975441418285029
0.9975441418285029
0.9975441418285029
0.9975441418285029
0.9975441418285029
0.9975441418285029
0.9975441418285029
0.9975441418285029
0.9975441418285029
0.9975441418285029
0.9975441418285029
0.9975441418285029
0.9975441418285029
0.9975441418285029
0.9975441418285029
0.9975441418285029
0.9975441418285029
0.9975441418285029
0.9975441418285029
0.9975441418285029
0.9975441418285029
0.9975441418285029
0.9975441418285029
0.9975441418285029
0.9975441418285029
0.9975441418285029
0.9975441418285029
0.9975441418285029
0.9975441418285029
0.9975441418285029
0.9975441418285029
0.9975441418285029
0.9975441418285029
0.9975441418285029
0.9975441418285029
0.9975441418285029
0.9975441418285029
0.9975441418285029
0.9975441418285029
0.9975441418285029
0.9975441418285029
0.9975441418285029
0.9975441418285029
0.9975441418285029
0.9975441418285029
0.9975441418285029
0.9975441418285029
0.9975441418285029
0.9975441418285029
0.9975441418285029
0.9975441418285029
0.9975441418285029
0.9975441418285029
0.9975441418285029
0.9975441418285029
0.9975441418285029
0.9975441418285029
0.9975441418285029
0.9975441418285029
0.9975441418285029
0.9975441418285029
0.9975441418285029
0.9975441418285029
0.9975441418285029
0.9975441418285029
0.9975441418285029
0.9975441418285029
0.9975441418285029
0.9975441418285029
0.9975441418285029
0.9975441418285029
0.9975441418285029
0.9975441418285029
0.9975441418285029
0.9975441418285029
0.9975441418285029
0.9975441418285029
0.9975441418285029
0.9975441418285029
0.9975441418285029
0.9975441418285029
0.9975441418285029
0.9975441418285029
0.9975441418285029
0.9975441418285029
0.9975441418285029
0.9975441418285029
0.9975441418285029
0.9975441418285029
0.9975441418285029
0.9975441418285029
0.9975441418285029
0.9975441418285029
0.9975441418285029
0.9975441418285029
0.9975441418285029
0.9975441418285029
0.9975441418285029
0.9975441418285029
0.9975441418285029
0.9975441418285029
0.9975441418285029
0.9975441418285029
0.9975441418285029
0.9975441418285029
0.9975441418285029
0.9975441418285029
0.9975441418285029
0.9975441418285029
0.9975441418285029
0.9975441418285029
0.9975441418285029
0.9975441418285029
0.9975441418285029
0.9975441418285029
0.9975441418285029
0.9975441418285029
0.9975441418285029
0.9975441418285029
0.9975441418285029
0.9975441418285029
0.9975441418285029
0.9975441418285029
0.9975441418285029
0.9975441418285029
0.9975441418285029
0.9975441418285029
0.9975441418285029
0.9975441418285029
0.9975441418285029
0.9975441418285029
0.9975441418285029
0.9975441418285029
0.9975441418285029
0.9975441418285029
0.9975441418285029
0.9975441418285029
0.9975441418285029
0.9975441418285029
0.9975441418285029
0.9975441418285029
0.9975441418285029
0.9975441418285029
0.9975441418285029
0.9975441418285029
0.9975441418285029
0.9975441418285029
0.9975441418285029
0.9975441418285029
0.9975441418285029
0.9975441418285029
0.9975441418285029
0.9975441418285029
0.9975441418285029
0.9975441418285029
0.9975441418285029
0.9975441418285029
0.9975441418285029
0.9975441418285029
0.9975441418285029
0.9975441418285029
0.9975441418285029
0.9975441418285029
0.9975441418285029
0.9975441418285029
0.9975441418285029
0.9975441418285029
0.9975441418285029
0.9975441418285029
0.9975441418285029
0.9975441418285029
0.9975441418285029
0.9975441418285029
0.9975441418285029
0.9975441418285029
0.9975441418285029
0.9975441418285029
0.9975441418285029
0.9975441418285029
0.9975441418285029
0.9975441418285029
0.9975441418285029
0.9975441418285029
0.9975441418285029
0.9975441418285029
0.9975441418285029
0.9975441418285029
0.9975441418285029
0.9975441418285029
0.9975441418285029
0.9975441418285029
0.9975441418285029
0.9975441418285029
0.9975441418285029
0.9975441418285029
0.9975441418285029
0.9975441418285029
0.9975441418285029
0.9975441418285029
0.9975441418285029
0.9975441418285029
0.9975441418285029
0.9975441418285029
0.9975441418285029
0.9975441418285029
0.9975441418285029
0.9975441418285029
0.9975441418285029
0.9975441418285029
0.9975441418285029
0.9975441418285029
0.9975441418285029
0.9975441418285029
0.9975441418285029
0.9975441418285029
0.9975441418285029
0.9975441418285029
0.9975441418285029
0.9975441418285029
0.9975441418285029
0.9975441418285029
0.9975441418285029
0.9975441418285029
0.9975441418285029
0.9975441418285029
0.9975441418285029
0.9975441418285029
0.9975441418285029
0.9975441418285029
0.9975441418285029
0.9975441418285029
0.9975441418285029
0.9975441418285029
0.9975441418285029
0.9975441418285029
0.9975441418285029
0.9975441418285029
0.9975441418285029
0.9975441418285029
0.9975441418285029
0.9975441418285029
0.9975441418285029
0.9975441418285029
0.9975441418285029
0.9975441418285029
0.9975441418285029
0.9975441418285029
0.9975441418285029
0.9975441418285029
0.9975441418285029
0.9975441418285029
0.9975441418285029
0.9975441418285029
0.9975441418285029
0.9975441418285029
0.9975441418285029
0.9975441418285029
0.9975441418285029
0.9975441418285029
0.9975441418285029
0.9975441418285029
0.9975441418285029
0.9975441418285029
0.9975441418285029
0.9975441418285029
0.9975441418285029
0.9975441418285029
0.9975441418285029
0.9975441418285029
0.9975441418285029
0.9975441418285029
0.9975441418285029
0.9975441418285029
0.9975441418285029
0.9975441418285029
0.9975441418285029
0.9975441418285029
0.9975441418285029
0.9975441418285029
0.9975441418285029
0.9975441418285029
0.9975441418285029
0.9975441418285029
0.9975441418285029
0.9975441418285029
0.9975441418285029
0.9975441418285029
0.9975441418285029
0.9975441418285029
0.9975441418285029
0.9975441418285029
0.9975441418285029
0.9975441418285029
0.9975441418285029
0.9975441418285029
0.9975441418285029
0.9975441418285029
0.9975441418285029
0.9975441418285029
0.9975441418285029
0.9975441418285029
0.9975441418285029
0.9975441418285029
0.9975441418285029
0.9975441418285029
0.9975441418285029
0.9975441418285029
0.9975441418285029
0.9975441418285029
0.9975441418285029
0.9975441418285029
0.9975441418285029
0.9975441418285029
0.9975441418285029
0.9975441418285029
0.9975441418285029
0.9975441418285029
0.9975441418285029
0.9975441418285029
0.9975441418285029
0.9975441418285029
0.9975441418285029
0.9975441418285029
0.9975441418285029
0.9975441418285029
0.9975441418285029
0.9975441418285029
0.9975441418285029
0.9975441418285029
0.9975441418285029
0.9975441418285029
0.9975441418285029
0.9975441418285029
0.9975441418285029
0.9975441418285029
0.9975441418285029
0.9975441418285029
0.9975441418285029
0.9975441418285029
0.9975441418285029
0.9975441418285029
0.9975441418285029
0.9975441418285029
0.9975441418285029
0.9975441418285029
0.9975441418285029
0.9975441418285029
0.9975441418285029
0.9975441418285029
0.9975441418285029
0.9975441418285029
0.9975441418285029
0.9975441418285029
0.9975441418285029
0.9975441418285029
0.9975441418285029
0.9975441418285029
0.9975441418285029
0.9975441418285029
0.9975441418285029
0.9975441418285029
0.9975441418285029
0.9975441418285029
0.9975441418285029
0.9975441418285029
0.9975441418285029
0.9975441418285029
0.9975441418285029
0.9975441418285029
0.9975441418285029
0.9975441418285029
0.9975441418285029
0.9975441418285029
0.9975441418285029
0.9975441418285029
0.9975441418285029
0.9975441418285029
0.9975441418285029
0.9975441418285029
0.9975441418285029
0.9975441418285029
0.9975441418285029
0.9975441418285029
0.9975441418285029
0.9975441418285029
0.9975441418285029
0.9975441418285029
0.9975441418285029
0.9975441418285029
0.9975441418285029
0.9975441418285029
0.9975441418285029
0.9975441418285029
0.9975441418285029
0.9975441418285029
0.9975441418285029
0.9975441418285029
0.9975441418285029
0.9975441418285029
0.9975441418285029
0.9975441418285029
0.9975441418285029
0.9975441418285029
0.9975441418285029
0.9975441418285029
0.9975441418285029
0.9975441418285029
0.9975441418285029
0.9975441418285029
0.9975441418285029
0.9975441418285029
0.9975441418285029
0.9975441418285029
0.9975441418285029
0.9975441418285029
0.9975441418285029
0.9975441418285029
0.9975441418285029
0.9975441418285029
0.9975441418285029
0.9975441418285029
0.9975441418285029
0.9975441418285029
0.9975441418285029
0.9975441418285029
0.9975441418285029
0.9975441418285029
0.9975441418285029
0.9975441418285029
0.9975441418285029
0.9975441418285029
0.9975441418285029
0.9975441418285029
0.9975441418285029
0.9975441418285029
0.9975441418285029
0.9975441418285029
0.9975441418285029
0.9975441418285029
0.9975441418285029
0.9975441418285029
Best gene:    -0.20916466931454636, -1.5552286041327932
Best fitness: 0.9975441418285029
1.0
