
Settings: 
popSize -> 100
mutProb -> 0.015
gensToConverge -> 500
crossover: Adaptive
mutation:  Simple nonzero based
Length 80:
0, 32, 160, 224, 228, 196, 197, 193, 201, 217, 249, 253, 189, 173, 165, 37, 53, 52, 116, 124, 120, 56, 184, 152, 156, 148, 149, 145, 147, 211, 210, 208, 80, 81, 85, 93, 95, 223, 159, 143, 142, 138, 170, 234, 250, 254, 246, 182, 166, 38, 46, 62, 63, 59, 27, 26, 18, 22, 23, 7, 3, 35, 163, 227, 231, 239, 111, 109, 105, 41, 9, 13, 12, 76, 78, 74, 66, 98, 114, 115, 119


Settings: 
popSize -> 50
mutProb -> 0.015
gensToConverge -> 500
crossover: Two point
mutation: Simple nonzero based
Snake length: 82
Solution: 8, 0, 1, 5, 69, 101, 117, 125, 253, 249, 217, 153, 137, 141, 173, 165, 164, 132, 134, 142, 138, 154, 218, 250, 234, 106, 42, 46, 44, 60, 52, 54, 22, 18, 82, 66, 70, 78, 76, 92, 88, 120, 112, 96, 224, 192, 193, 195, 211, 243, 115, 99, 35, 163, 171, 187, 191, 183, 151, 149, 213, 212, 244, 246, 230, 231, 239, 207, 223, 95, 31, 27, 11, 75, 73, 105, 41, 57, 49, 177, 176, 184, 168
